V1	V2	cluster
X00.AAAGATGTCGGCATCG.1	2.91297909600172	5.02503714223844	1
X00.AAAGTAGCATCGTCGG.1	5.69351095548184	-4.53410535792044	148
X00.AACACGTGTACAGTTC.1	5.8825066383539	-5.74186262241441	146
X00.AACACGTGTCAATGTC.1	1.76663885955698	-6.68302501982618	7
X00.AACCGCGGTATATCCG.1	1.15524071841747	-1.60245166755578	101
X00.AACCGCGTCTGTTGAG.1	5.55673763230976	-3.45328741123327	103
X00.AAGGCAGCAGCTTAAC.1	4.22472962396131	-5.33109197083523	9
X00.AAGTCTGCACGTTGGC.1	4.42922214807528	-3.77685541278156	113
X00.AAGTCTGGTGCAGGTA.1	7.61089587093423	-3.81481134685419	96
X00.AATCGGTTCCAGATCA.1	7.70229010845615	-9.99528260724449	144
X00.ACACCAACATACTCTT.1	1.80083349003328	-5.00058223177632	141
X00.ACACCGGTCGAGCCCA.1	6.96550269184802	-8.34898126452247	129
X00.ACACTGAAGAGAACAG.1	1.65839585170856	-4.84932516763071	141
X00.ACCCACTGTTAAGATG.1	3.67532167018183	-3.53426392781525	113
X00.ACCTTTAGTGCATCTA.1	0.91625832696999	-2.22701439859193	101
X00.ACGAGCCCAGATGGCA.1	1.87550978017662	12.1018371423444	143
X00.ACGATACAGGAGTTTA.1	9.11078784679333	-5.26223587272059	120
X00.ACGGAGACACGAAAGC.1	2.69353173959411	-4.5972028353308	32
X00.ACGGGTCAGAAGGTGA.1	-1.42599886220097	-2.75716320675137	12
X00.ACTTTCATCTGCCAGG.1	2.53704808707903	-9.19458662114642	132
X00.AGAGCGAAGTAGATGT.1	2.64110474312266	-3.77931600398893	136
X00.AGCATACAGAAGAAGC.1	5.15550613944396	-4.37973014853622	148
X00.AGCCTAATCAGGCAAG.1	3.38891851769492	4.25093040983291	5
X00.AGCGGTCTCCAAGCCG.1	3.54778909812995	4.36068666403977	5
X00.AGCGTCGCAGCGTTCG.1	7.487866331734	-9.90530972433175	144
X00.AGCTTGACAGCTGTGC.1	6.37729616047944	-5.19665075382103	146
X00.AGGTCCGGTAGCTGCC.1	6.4010438254381	-6.63725052948953	2
X00.AGTGTCACAGATGGGT.1	4.86613104263199	-7.86242989168017	34
X00.ATAACGCCAAAGTCAA.1	3.05727792459245	0.713936300397267	105
X00.ATCACGATCTGTCCGT.1	3.89662119913641	0.470808455287563	105
X00.ATCATCTCAATTCCTT.1	1.51289883439567	-0.468223108807141	145
X00.ATTCTACAGTGGTAGC.1	3.84470670939739	-6.42257290761661	139
X00.CAACCAATCATCATTC.1	6.67358516861847	-5.13142163016883	146
X00.CAACCTCGTCATATGC.1	3.00645988820764	3.12588523561814	5
X00.CACCTTGCATTGGGCC.1	0.986296414828094	12.5653152186289	124
X00.CACTCCAAGCACAGGT.1	3.58634857324064	-8.9937136895151	13
X00.CACTCCATCTTGCATT.1	3.40796223998345	-3.02481822249506	113
X00.CAGAATCAGTACGATA.1	5.14743895244652	-4.17415212510868	148
X00.CAGCTGGAGTCCAGGA.1	4.79731311729621	-4.69768174631385	148
X00.CATCAAGGTACAAGTA.1	7.42256689458237	-4.05428769866031	96
X00.CATTATCAGGATCGCA.1	1.29666005563983	13.5042862986279	99
X00.CCAATCCCACGTAAGG.1	-0.87479879598647	10.0816463229953	122
X00.CCCATACTCCATTCTA.1	4.85603306221811	-2.10364925829495	86
X00.CCTTACGAGTGCGTGA.1	3.24501443967307	-10.1075881787839	130
X00.CGAACATTCCCATTTA.1	2.61265154347615	-3.01193679562905	136
X00.CGACTTCGTCTCAACA.1	1.89350735190567	4.34065372243368	1
X00.CGATTGATCTTGAGAC.1	2.84385648762314	-9.75170344118735	130
X00.CGCTATCAGTGCGTGA.1	6.48411394948004	-7.37635617232104	2
X00.CGCTGGAGTGATGATA.1	-0.609207554201796	-11.0346150902542	31
X00.CGTAGGCAGACTAAGT.1	2.49056666884409	13.3332832879304	143
X00.CGTAGGCAGTGTACTC.1	3.89570997333776	-6.12222747332151	139
X00.CGTCAGGAGCCACTAT.1	4.85664745524937	-10.0145413292036	6
X00.CGTCAGGCAGGATTGG.1	6.1235894498638	-2.02908392626026	98
X00.CGTGTAATCGGCGCAT.1	4.77189466007543	2.79796912026794	43
X00.CTACCCATCGTCTGCT.1	3.69401833604517	-4.48999024239586	32
X00.CTACGTCCAAGGTTCT.1	3.18835909140748	-4.47732494125769	32
X00.CTACGTCCAGTAAGAT.1	5.66536922574226	-8.22141290357203	51
X00.CTCATTATCTTGCATT.1	1.81446785922268	13.3960442296879	143
X00.CTGCGGACAGGCGATA.1	-1.42717654986733	7.26707322123028	56
X00.CTGGTCTCAGTACACT.1	4.02713369615048	-8.75895206720519	13
X00.CTTGGCTTCTTGCAAG.1	5.38583682343952	0.860615303577317	142
X00.GAAACTCGTCGGGTCT.1	4.11318119955395	-4.38461301210238	32
X00.GAAATGACAGGCAGTA.1	1.73984464530933	14.980625666697	107
X00.GAAATGAGTTGCGTTA.1	1.32743211008093	13.635524173975	99
X00.GAACCTAAGCACGCCT.1	-0.337694415849302	-5.62746426620629	104
X00.GAACCTAGTGATGTGG.1	5.91868108452114	-0.944854768088383	60
X00.GATCGATTCCGCAAGC.1	3.19679048064254	4.05489251691919	5
X00.GATCGCGCATAACCTG.1	5.028986464482	-3.23535285518793	103
X00.GATCTAGCAAGCCTAT.1	-0.548917596472449	-4.22713545093809	12
X00.GATGAGGAGGAGTTGC.1	8.65254190267779	-8.7023946685747	68
X00.GCAATCACATTGGTAC.1	6.50366294675679	-3.32885401581877	75
X00.GCAATCATCTTTACAC.1	8.00248901740452	-0.639307529205802	118
X00.GCATACACACGTAAGG.1	3.10820082049461	0.62024172216663	105
X00.GCGGGTTAGAGCCCAA.1	-0.837923745777456	-0.0117255101106731	82
X00.GGAACTTAGACTAGGC.1	3.021464152441	3.65879083833542	5
X00.GGACAAGAGTCCCACG.1	7.35917798955305	-2.27397775751007	110
X00.GGCCGATGTGTGAATA.1	5.00337713509206	-1.81358572591721	86
X00.GGCGTGTCAGATCCAT.1	5.84488503255054	-9.18091120245215	140
X00.GGCTCGAAGCCACTAT.1	1.89518142553951	0.0536294364834607	145
X00.GGGAATGGTGTAACGG.1	3.28629222976469	0.197854320503839	105
X00.GGTGAAGGTACCGTTA.1	3.3699792052985	-4.3363641808591	32
X00.GTAACTGCAGTAAGAT.1	-0.390720496401319	-3.86609460254928	12
X00.GTCAAGTCAAAGCAAT.1	3.58060956992806	-1.84569250460054	33
X00.GTCTTCGTCCGCAGTG.1	4.21207614660518	-6.89851619646188	139
X00.TAAGAGAAGTGTACGG.1	7.8260026794165	-4.24608974415196	96
X00.TAAGCGTCAAACGTGG.1	3.63861868730995	-3.12684101843004	113
X00.TACTCATAGTTCGATC.1	0.043332891090762	-5.27473072210114	104
X00.TACTCGCTCTGCGGCA.1	8.25830637235642	-7.93539631987364	68
X00.TACTTACTCGGTGTCG.1	2.32030710783419	-3.18685874437401	136
X00.TAGCCGGAGGGTGTTG.1	-0.867469202906765	-3.63467425608616	12
X00.TATGCCCAGCTAAACA.1	0.260165168732265	-0.487847337529845	97
X00.TCACAAGCACGTAAGG.1	3.89242305535153	-3.44346748992446	113
X00.TCACAAGGTCTCCATC.1	-0.690441177742437	9.78624040518538	122
X00.TCAGCTCCAGATCCAT.1	3.83886048057418	1.22621640846392	105
X00.TCAGCTCTCATGTCCC.1	2.95867055457748	-5.36656000267711	7
X00.TCATTTGAGGGAGTAA.1	-0.832364899392029	10.6747500931093	122
X00.TCGTAGAAGAGGTTGC.1	0.082184486970668	10.9175532266685	24
X00.TGAGCATTCCGTAGGC.1	5.69250470305998	-2.63667193724078	103
X00.TGCTGCTGTCACCTAA.1	0.337164004104654	14.4089889700362	99
X00.TGGACGCTCCTTGACC.1	1.66261126003862	-2.36800847179373	101
X00.TGGCGCAAGGACTGGT.1	4.83496630338141	-2.88583476061897	103
X00.TGTCCCAAGCCTATGT.1	2.76559974816956	-1.62653922089335	100
X00.TGTCCCACACCCTATC.1	6.91391520306039	-10.5533212580373	144
X00.TGTGGTATCGTCACGG.1	2.25032054511512	-6.07010907158204	7
X00.TGTGTTTAGCCTATGT.1	5.82643880000909	-1.85393683841634	98
X00.TTGACTTTCCCTAACC.1	0.514123152852268	-11.3787563351982	128
X00.TTGTAGGGTCGGCACT.1	-0.538522871419008	-3.2040324917273	12
X00.TTTATGCGTGCAACTT.1	2.98705042512273	-6.42788758891495	139
X65.AAACCTGTCATTCACT.1	0.176834902669117	-6.22586145410265	26
X65.AAACGGGTCAGCGATT.1	2.23629335354266	2.7087622816177	21
X65.AAAGCAAAGCTACCTA.1	2.13420152059189	13.1344716341127	143
X65.AAAGCAACACCAGTTA.1	3.17592571803059	12.3722413085436	35
X65.AAAGTAGGTCAGAATA.1	3.2182799920988	12.3640089257191	35
X65.AAATGCCCACATTAGC.1	1.58552685914521	12.2418854045823	143
X65.AACACGTAGATGCCTT.1	4.46401356853025	-7.52120790292179	34
X65.AACACGTGTAATCGTC.1	3.35447923100492	-6.79886986286535	139
X65.AACGTTGCAGCTCGAC.1	0.82387531638523	13.9622744013615	99
X65.AACGTTGCATCGTCGG.1	0.38989031252066	2.3447221930156	25
X65.AACTCCCCACAAGCCC.1	2.34388430196372	-0.910610321648351	100
X65.AACTCTTTCCTGCCAT.1	2.12764836160648	-2.24697504660708	101
X65.AAGGCAGAGTGAAGAG.1	4.63402243333983	-7.59654128614426	34
X65.AATCCAGAGAGACTAT.1	3.65982254714339	5.18874200090261	102
X65.ACAGCCGGTCGCATCG.1	-0.257071131447275	-5.23997960511813	104
X65.ACAGCCGTCAAGGCTT.1	-0.724980675156775	-12.1628233260742	10
X65.ACAGCTACAAACCTAC.1	3.46741842453256	1.38810901396368	105
X65.ACATGGTTCTAACTTC.1	1.72002369690896	13.9888288327034	143
X65.ACCTTTAAGACATAAC.1	-2.22545043022651	-7.22256494784317	3
X65.ACGCCAGTCTGCTGTC.1	-1.53329318394618	-8.26621741039463	106
X65.ACGTCAATCAGCAACT.1	2.12650215713452	13.012307943697	143
X65.ACTGATGGTGAAATCA.1	1.1519909583067	-12.7281172594054	14
X65.AGAATAGAGTCTTGCA.1	-0.240539064338047	-10.4554672751812	127
X65.AGAGTGGCACAACTGT.1	2.7407432241429	-10.7947099506006	119
X65.AGATCTGCAGCTGTTA.1	2.10376667205565	14.696321350977	107
X65.AGATCTGGTGACTACT.1	4.07530007977094	13.5246249533734	133
X65.AGATCTGTCGCGTTTC.1	-0.131071594555187	9.77853796651292	122
X65.AGCAGCCAGAATCTCC.1	2.52698513122237	13.6657650386675	143
X65.AGCAGCCCAGTCGTGC.1	7.37599918840805	-6.6842584518702	137
X65.AGCAGCCCATACCATG.1	-1.7033413973381	-5.23083314186261	108
X65.AGCATACAGTGCCATT.1	3.65066878092313	-11.5790424221641	126
X65.AGCGGTCAGTATCTCG.1	3.68001318346995	-6.40645667419216	139
X65.AGCGGTCCAAGTCTAC.1	-0.36445749941908	-9.09206232274456	109
X65.AGCTCCTCAAAGAATC.1	0.0318909187864285	9.88766427410231	122
X65.AGCTCCTGTCTAGCCG.1	7.52556177027931	-2.50823181492524	110
X65.AGCTCCTGTGCATCTA.1	-0.615307022207678	-2.35035556415775	111
X65.AGCTTGAGTCCGCTGA.1	2.08479060511575	2.59298460670927	21
X65.AGGCCACAGCGTTGCC.1	0.925679244273303	5.54631190403666	112
X65.AGGGAGTAGAGACGAA.1	-2.22992584123299	-3.96609405928078	12
X65.AGGGATGCAAGCCATT.1	-0.279123184621264	10.0424415244318	122
X65.AGGGTGACAAGTACCT.1	0.0904878361597611	-7.55764967306602	125
X65.AGGGTGAGTGACCAAG.1	-0.0514812282580952	9.67724119553256	122
X65.AGGTCATCATTGAGCT.1	2.45438609266051	-8.06316230923184	132
X65.AGGTCCGCAAGGTTCT.1	1.82412158302379	-7.64235814497189	7
X65.AGGTCCGGTGCGATAG.1	3.88786576416465	2.46444144287726	114
X65.AGGTCCGTCTGTCTAT.1	2.38936479216539	4.69735861065335	1
X65.AGTAGTCGTCATACTG.1	2.8902624286565	12.7978372584366	35
X65.AGTTGGTTCATGTCTT.1	-1.22231843247944	-3.84761450928655	12
X65.ATAAGAGGTCCGTTAA.1	1.74529001382361	-3.20780251922305	136
X65.ATAGACCCAGTAGAGC.1	2.80300242208214	2.926977675117	5
X65.ATAGACCTCATCGGAT.1	2.62301690650694	-12.2664437358671	123
X65.ATCCACCAGCTACCGC.1	3.87640430846427	-12.9969260565867	115
X65.ATTACTCCACTTAAGC.1	5.24468112751008	-11.5224726408583	134
X65.ATTACTCTCAAGGTAA.1	0.764765613293087	-7.00045155550887	125
X65.ATTATCCTCGATAGAA.1	3.87709505140317	-4.05751056176609	32
X65.ATTATCCTCTCTAAGG.1	-0.407405989565566	-8.34475741925045	109
X65.ATTCTACAGGATTCGG.1	8.6955573037277	-6.75889256544226	116
X65.ATTGGACTCAGCATGT.1	5.31051399195774	-11.090132832888	134
X65.ATTTCTGCATGTCCTC.1	1.62740240876816	3.23839846300115	21
X65.ATTTCTGTCTATGTGG.1	2.97072032353743	-0.725322961711437	100
X65.CAAGAAAGTGAGGGTT.1	3.29042302025419	-7.78618397188729	13
X65.CAAGATCCACGGCTAC.1	-1.17561262869659	-1.24633023898625	117
X65.CAAGGCCAGATAGCAT.1	2.84404620919651	-5.48767585805716	7
X65.CAAGGCCGTCAAACTC.1	4.55484479302647	-8.05605562199567	34
X65.CACAAACTCAAACCAC.1	2.32714539996586	13.0497863661037	143
X65.CACACCTCAGTAACGG.1	-1.70767204678356	-3.8325254740731	12
X65.CACATTTGTAGGGTAC.1	4.03249897138872	-5.51880550436092	9
X65.CACCACTAGCAACGGT.1	8.04754022386187	-0.56978093565353	118
X65.CACTCCAGTCCAACTA.1	5.79311796205548	-7.49209894983922	51
X65.CAGCATAGTTTGTTTC.1	4.46258114714108	-8.45008660505021	34
X65.CAGCTAAAGCTGTCTA.1	1.88739087383563	-10.4467031804395	119
X65.CAGCTAAAGTTACGGG.1	-4.88174123289105	-5.40833034541638	121
X65.CAGCTAAGTAGCAAAT.1	3.65806996163541	-6.95917411409797	139
X65.CAGCTAAGTGTGACCC.1	5.80266434507899	-5.63146781931723	146
X65.CAGGTGCAGCGTTCCG.1	2.44689872544268	-8.24367223432468	132
X65.CAGGTGCGTTTGTTTC.1	-0.871279529422258	10.4394557802603	122
X65.CAGTAACAGTCATCCA.1	-1.06673718185446	-3.64835490763585	12
X65.CAGTAACGTTATCCGA.1	1.79283304871778	12.5589743006257	143
X65.CAGTCCTCACCTTGTC.1	2.46816646273291	-12.3238873664807	123
X65.CATCAAGGTATGCTTG.1	0.364833952481152	-9.52985052226574	127
X65.CATCGAACACGGTAAG.1	2.16239617870644	-11.2629234620764	119
X65.CATTATCCACCTCGTT.1	0.174363782953368	13.144953926986	124
X65.CCAATCCAGTGTGAAT.1	0.363072295379179	-7.81625615946522	125
X65.CCACGGATCACCATAG.1	1.67365370776852	-8.82667586927285	132
X65.CCACGGATCCCTTGTG.1	3.25764108067621	-4.85506266221795	32
X65.CCACTACGTCCGAACC.1	0.910343798267027	-7.15824335363394	125
X65.CCATTCGTCGCCATAA.1	2.95609918967647	-8.33928397564141	13
X65.CCCAATCTCATGTCCC.1	2.56357675881875	13.7980196581716	143
X65.CCGGGATTCATCTGCC.1	-0.0240061831253608	9.78557210899691	122
X65.CCGGTAGGTGTAACGG.1	3.46534592558027	-11.2999079361237	126
X65.CCGTACTCAGTAGAGC.1	1.34093237035486	-10.3082418786245	29
X65.CCGTGGAAGAAGGACA.1	3.81037358790154	-6.6271487839645	139
X65.CCTAAAGTCCGCGGTA.1	0.360359454167048	-9.71625984372395	127
X65.CCTACCAAGCCAGTAG.1	0.378100157390573	-7.93846558435689	125
X65.CCTAGCTAGTGAACAT.1	1.30876282131831	-11.0644138273376	128
X65.CCTAGCTGTCGACTGC.1	3.29320436873413	-11.1188725111704	126
X65.CCTTACGCAGCTCCGA.1	2.45117547899229	-5.69060773414953	7
X65.CCTTACGTCCTGTACC.1	6.92322624208706	-8.46505641532343	129
X65.CCTTCGACAAGACACG.1	3.15637773735335	-9.66737121669498	130
X65.CCTTTCTTCGGAGCAA.1	0.669145988801271	-8.74264699581931	131
X65.CGAATGTAGAGGTTAT.1	-0.0742118100465317	12.3990554741512	124
X65.CGAGCACAGGATCGCA.1	2.10237470781145	-9.02887534188064	132
X65.CGAGCACCATTTCACT.1	2.76733746776461	-1.96656899558479	100
X65.CGATCGGCAAGTTGTC.1	1.80210174523116	-3.31031616310116	136
X65.CGCCAAGGTACTCAAC.1	4.42904711313416	13.8534034598014	133
X65.CGCGTTTTCATTTGGG.1	-0.1869859816124	9.73399005821734	122
X65.CGCTATCGTCGTGGCT.1	2.46877306921146	-8.7419337029108	132
X65.CGCTGGATCACCCGAG.1	0.822661425007398	-5.8636035612194	4
X65.CGGACACCAAAGCGGT.1	-0.210665912990071	-9.94664661224803	127
X65.CGGCTAGAGTGTTTGC.1	3.07582738825035	13.0993699362275	35
X65.CGGCTAGTCGGAGCAA.1	5.27076084632142	-2.52953114713561	103
X65.CGGTTAAGTGCGAAAC.1	4.01408211079053	-3.2977906314511	113
X65.CGTAGCGCACGAAACG.1	-2.06866399879157	-7.2610094894218	3
X65.CGTAGCGGTTACAGAA.1	0.814784941421731	-4.59695653855159	19
X65.CGTCCATTCATGTGGT.1	5.14873999795883	-11.970861269455	134
X65.CGTGTAAGTCCAAGTT.1	4.8438328233576	-6.60801015952639	150
X65.CGTGTCTAGGTCATCT.1	2.98033638050374	14.7980336492727	135
X65.CGTGTCTCATGCCTAA.1	-1.19934289835799	-11.0302732421964	31
X65.CGTTCTGCACGTTGGC.1	3.30741553904238	13.8833632436926	135
X65.CGTTCTGCATACGCCG.1	7.62458375985582	-6.57078892145547	137
X65.CGTTGGGCATACCATG.1	4.06303814167262	12.8614198444264	138
X65.CTAACTTTCGCAGGCT.1	3.40962594914859	-9.97261648444797	130
X65.CTACACCAGTGCGATG.1	3.45767758911037	-6.35529620356534	139
X65.CTACACCGTAAGAGGA.1	-2.02869562670953	-3.52010341667057	12
X65.CTAGCCTTCTCCGGTT.1	0.304350855593806	-7.21406957165956	125
X65.CTAGTGATCCATGAGT.1	2.96945278959901	-4.34967100048202	32
X65.CTCAGAATCCCGGATG.1	0.960413319307272	13.2716201920968	99
X65.CTCGAAAGTTGGTGGA.1	-0.961421731907197	-4.02095698338479	12
X65.CTCGAAATCGATGAGG.1	1.2179590930034	-9.16979379114426	29
X65.CTCGGAGAGCTAGTTC.1	5.91650571847131	-9.13465695335612	140
X65.CTGATAGGTTACGACT.1	3.86449009263984	-8.42145207842999	13
X65.CTGATCCGTGTCGCTG.1	1.49941598766453	-9.82535807472119	29
X65.CTGCCTAAGCACAGGT.1	5.64820099829482	-9.30831932985878	140
X65.CTGCCTAGTTGAACTC.1	1.47587588379957	-5.23478089923239	141
X65.CTGCTGTTCAGGCCCA.1	5.7360084435901	0.769785752188736	142
X65.CTGTTTAAGCCAGAAC.1	3.6343440457487	-7.27365105469737	139
X65.CTTAACTTCGTTGCCT.1	1.42687191087674	-8.00468929307132	7
X65.CTTCTCTGTGCACCAC.1	0.832445382154967	-8.14227342778709	125
X65.CTTCTCTTCCGTACAA.1	3.51717736511962	-9.30302069651034	13
X65.CTTGGCTTCTTGTATC.1	0.0628128524311686	-10.286468779372	127
X65.GAAACTCAGATGAGAG.1	-0.218837759875076	-1.84150209776129	111
X65.GAAACTCGTAGAGTGC.1	1.20083981442784	-2.15842893621934	101
X65.GAAACTCGTTAAGGGC.1	2.24737867867735	14.067899913282	143
X65.GAACATCGTAATTGGA.1	1.11618713406913	0.333830356552848	145
X65.GAACATCTCGTACGGC.1	6.30231185566848	-5.08057564030344	146
X65.GAACCTAAGACTACAA.1	8.18786171389305	-2.32160855600614	110
X65.GACCAATCATGCTAGT.1	-3.4998629006526	8.23961260995679	147
X65.GACCTGGCACCTTGTC.1	1.77221899926432	5.22887508311117	1
X65.GACGGCTGTAGCACGA.1	6.94909110598723	-5.19281567792056	146
X65.GACGTGCAGCTGAACG.1	2.83883437546419	-5.62422989717578	7
X65.GACGTGCAGGTTCCTA.1	2.35116394588946	13.3010935586201	143
X65.GACGTGCCAACGATGG.1	1.44842552307135	4.14996915067271	1
X65.GACTAACTCAGCTGGC.1	5.44950853669794	-6.53872692473939	150
X65.GACTGCGGTATGGTTC.1	4.66012540992535	-5.73976562750249	9
X65.GAGGTGAAGGCGTACA.1	-0.547667461888397	-8.1014046774998	109
X65.GAGTCCGTCCAGTAGT.1	1.11178239876772	-9.79351174856276	29
X65.GATCGATGTCGACTAT.1	1.47808476929554	-6.21169353308211	7
X65.GATCGCGGTTCCACTC.1	4.92027612102627	-6.97967453712584	150
X65.GATCGTATCATATCGG.1	0.527019886471709	9.70084968104997	122
X65.GATCTAGAGAAACCTA.1	-1.57534442965303	-9.31210113377082	23
X65.GCAAACTAGTAAGTAC.1	5.24283373553928	-5.32840752846661	148
X65.GCACATAGTCTTTCAT.1	-0.273655913079346	-6.5060643532781	26
X65.GCAGCCATCCCGGATG.1	7.87960724802002	-5.58298246447981	149
X65.GCAGTTATCCATGAGT.1	5.32149615228046	-6.71895785342323	150
X65.GCATACATCGCCAAAT.1	2.40568596842374	15.3673600559594	107
X65.GCATGCGAGAAGGACA.1	1.34029746664142	-9.94330223486636	29
X65.GCATGCGAGATGCGAC.1	-2.97841511341481	-7.33908989418681	3
X65.GCCTCTACAAAGTCAA.1	3.70790491787856	6.36992234580561	16
X65.GCGACCAAGATGGGTC.1	2.05251583189848	13.2915106758055	143
X65.GCGACCAAGTGCGTGA.1	0.850767884098735	-5.72149432404382	4
X65.GCGCAACAGTCGTTTG.1	3.24905194756729	13.1147729956685	35
X65.GCTCCTAAGCTGCCCA.1	2.35126553233049	14.1376918094452	143
X65.GCTTCCAAGTTACCCA.1	-0.745966215920418	-4.48863135785116	12
X65.GGAAAGCTCGTTTGCC.1	0.904478998594404	-9.46932819840547	29
X65.GGAATAAGTTAAGTAG.1	3.20138466475598	3.81296728364333	5
X65.GGACAGATCCGTCATC.1	2.80025608529444	14.0628199201107	143
X65.GGACGTCGTCGATTGT.1	4.19207256151065	-9.72442233463563	6
X65.GGAGCAAAGTAGATGT.1	2.42994808745208	-6.53117139602301	7
X65.GGCAATTCACACATGT.1	-1.11303752178128	11.2281063085767	8
X65.GGCGTGTCATTTCACT.1	2.31841682242383	12.3936550203838	35
X65.GGCGTGTTCCTGCCAT.1	4.39682089073196	-5.89337724391928	9
X65.GGCTCGAGTTAGGGTG.1	-0.652327172763985	-12.327507907415	10
X65.GGGAATGCATTACCTT.1	0.407017273308484	12.3855248877248	124
X65.GGGAATGCATTCTCAT.1	-1.41491031419458	-3.80610050718997	12
X65.GGGACCTGTTAGAACA.1	-1.00365758198105	-7.42068883079017	11
X65.GGGATGAAGCCCGAAA.1	3.78519209302798	-1.76714705044664	33
X65.GGGCACTCATTCCTGC.1	6.62487048025747	-9.1340401074657	129
X65.GGGCATCAGCCGTCGT.1	-1.28809566955404	-3.86516129606312	12
X65.GGGCATCGTACATGTC.1	8.06807082889987	-7.79102571277569	68
X65.GGGTCTGCACTTCGAA.1	1.12917226230048	-8.99640690907544	29
X65.GGTATTGGTAAGAGGA.1	3.52354874730518	-8.63557548466134	13
X65.GGTGTTATCCGTAGGC.1	2.04372658376969	-7.55029600976267	7
X65.GTAACGTGTTGCGCAC.1	-0.969970658259838	-3.81921352153389	12
X65.GTAACTGAGAATTGTG.1	-2.57884107687445	-6.10200551867406	22
X65.GTACTCCCACGGTAAG.1	2.79177677391746	-1.18793631544088	100
X65.GTACTCCCAGTATCTG.1	-1.5142667363106	-3.63956305310173	12
X65.GTCAAGTTCTGGTTCC.1	-3.05977405408335	-9.03564491991352	28
X65.GTCCTCAAGCGTCAAG.1	-0.267785625329878	9.84426167029689	122
X65.GTCCTCATCATTATCC.1	1.02344264963335	-12.3762375128638	14
X65.GTCGGGTCAGACAAGC.1	9.5908729435896	-4.72685941779459	120
X65.GTCTCGTAGCGCTCCA.1	2.39736264320276	-5.79795429672716	7
X65.GTCTCGTCATAAGACA.1	2.56245178328727	-7.22029910213051	7
X65.GTCTCGTTCCCAAGTA.1	5.4793763286567	-11.6832785795051	134
X65.GTCTTCGTCTCCCTGA.1	4.76440731257811	-1.12015142507078	15
X65.GTGCATAAGTCCAGGA.1	3.24234259564395	6.22369381483349	16
X65.GTGCTTCCAGCCTTTC.1	4.70355392848289	-0.287464439632752	15
X65.GTGCTTCGTAAATGTG.1	0.34185983381117	-11.025315035584	128
X65.GTGGGTCAGAGGGCTT.1	7.39516284208209	1.09400733039227	17
X65.GTGGGTCGTGAGTGAC.1	-0.786107316418715	-2.98814674546441	12
X65.GTGTGCGAGTGATCGG.1	3.76290604471428	1.95348270837932	114
X65.GTTACAGTCGCGCCAA.1	3.41478682970671	-5.43397145908137	7
X65.GTTCATTTCTGCTGTC.1	-4.6625164071512	-6.916272111504	18
X65.GTTTCTAAGTGTTAGA.1	0.699753269501579	-4.60435892009846	19
X65.TAAGTGCAGCATGGCA.1	6.26485372725891	-5.939012959219	146
X65.TACACGAGTGTTGGGA.1	5.92326828705847	-9.82011537012272	140
X65.TACCTATGTAAGGGAA.1	1.11812093646568	11.2274014415334	20
X65.TACTCGCAGTGCGTGA.1	-0.321470485192287	9.79478751349665	122
X65.TACTTGTAGAGGTTAT.1	1.27461481069695	14.3567959660988	99
X65.TACTTGTGTAGAAAGG.1	3.12835425508428	3.75033375789515	5
X65.TAGAGCTGTCAACTGT.1	3.78960164715713	3.20390401503815	5
X65.TAGTTGGCACTTAACG.1	1.854482821241	2.90891492527114	21
X65.TAGTTGGTCAAGATCC.1	1.76787151615838	13.0436077178094	143
X65.TATCTCAAGGGAAACA.1	-0.0488772712390518	-4.18237037543345	12
X65.TATCTCAGTATAGGGC.1	1.83525417233672	-7.11716719797326	7
X65.TCAATCTAGAGACTAT.1	-2.72080696157692	-5.77301133109588	22
X65.TCAATCTAGTACTTGC.1	-0.0067176598764611	12.3153301134877	124
X65.TCAATCTCAAGGTTCT.1	4.45119523126014	-10.6129848683562	6
X65.TCACAAGAGAGCTATA.1	6.11938884001644	-7.9208145271715	51
X65.TCACAAGAGTGACTCT.1	0.905146652335084	-3.71063303561548	19
X65.TCACGAAAGTAGGCCA.1	-3.75788700952251	-9.11517820617153	28
X65.TCAGATGTCCACGTGG.1	-1.48220725855712	-9.99443207709274	23
X65.TCAGCAAAGGACACCA.1	0.0495167734176906	11.1134236709492	24
X65.TCAGCAATCCTTGCCA.1	0.310754722626512	2.66905480250541	25
X65.TCAGCTCCAGTAGAGC.1	1.71496505524806	-4.03120269920214	136
X65.TCAGGTAGTTGATTCG.1	0.113788090820213	-10.3542997624007	127
X65.TCCACACCACCAGGTC.1	-0.187389583261274	-6.54026758127065	26
X65.TCGCGTTAGAAGGCCT.1	1.526966303824	-7.81126669855124	7
X65.TCGGTAACACCTTGTC.1	2.73264244473991	1.98898230649029	27
X65.TCTCTAAAGCGCCTCA.1	-0.777830700998619	-6.639447748436	11
X65.TCTTCGGGTGTTCTTT.1	4.20907896025383	-5.2067977369391	9
X65.TGAAAGAAGAAGGGTA.1	2.91047275472796	-7.10536477049674	7
X65.TGAAAGAAGAGTACAT.1	2.8057337298086	4.13236604992983	5
X65.TGAAAGAAGATCTGAA.1	-3.18098647133492	-9.15959078960178	28
X65.TGACAACCACTACAGT.1	-1.14195910637422	-9.4270322437711	23
X65.TGACGGCAGACTAAGT.1	-1.31611828190617	-9.33403212524773	23
X65.TGACTAGGTCTCTCTG.1	0.96775429655251	-9.32039459539375	29
X65.TGACTTTGTTAGATGA.1	-2.4755916424713	-7.31073628274684	3
X65.TGAGAGGCAACACGCC.1	-0.177743021795953	9.82167552428878	122
X65.TGAGCATGTTACTGAC.1	3.87800558262971	12.2137540043749	138
X65.TGAGCCGGTTGCGCAC.1	-1.07042458572369	-11.5110584607171	31
X65.TGAGGGAAGGTTACCT.1	-3.94461498065345	-9.10343545510577	28
X65.TGATTTCTCGCGTAGC.1	2.49471809174988	-8.93691136481076	132
X65.TGCCCATAGAATCTCC.1	3.11425923355752	14.481037281398	135
X65.TGCCCATGTCAGAGGT.1	2.90402311222896	5.85236857762927	16
X65.TGGCCAGGTGGTAACG.1	-2.28604917157024	8.30171268296052	30
X65.TGGCCAGTCTCAAACG.1	0.976373511185108	14.7055591087118	99
X65.TGGCGCACATGTCTCC.1	1.66707809030355	12.7955142192641	143
X65.TGGCTGGCAAACCCAT.1	1.65955263233808	5.23056524203098	1
X65.TGGCTGGCAGTTTACG.1	4.5025370182608	-9.20899901222237	6
X65.TGGCTGGGTCAAACTC.1	1.83811260934019	-6.2916177489914	7
X65.TGGTTAGAGCGCTCCA.1	2.22837521365883	-4.45617299003033	32
X65.TGGTTAGAGTGGCACA.1	5.53694046279604	0.946593000228711	142
X65.TGGTTCCGTGTGGCTC.1	-1.22287390973891	-6.38709313928152	11
X65.TGGTTCCTCTGAAAGA.1	3.54741542711139	-2.04411761237812	33
X65.TGTTCCGTCGCCGTGA.1	1.57216844339928	-6.99890990554324	7
X65.TTCGAAGGTCGCTTCT.1	4.08361969126178	-7.59089116389869	34
X65.TTCGGTCCAGACACTT.1	5.07473273721972	-6.69671698218433	150
X65.TTCTCCTGTCATATGC.1	1.95472575245037	14.1661532418362	143
X65.TTGAACGGTATGGTTC.1	1.8821865499057	13.173488441733	143
X65.TTGAACGGTGGCTCCA.1	5.74700380252233	-6.61731115694492	150
X65.TTGACTTTCGTAGATC.1	2.62678229792767	12.3518428786007	35
X65.TTGCGTCTCGGCTTGG.1	-4.57953541340297	-4.04203338036211	36
X65.TTTACTGGTCAAAGCG.1	3.93125123810455	13.7438674108344	133
X65.TTTGGTTCAAACAACA.1	0.366222119294745	-7.97418626487525	125
X60.AAACGGGAGATGCCTT.1	-5.17480852972713	2.18903980596746	45
X60.AAAGATGAGAATCTCC.1	0.537053289158229	5.90646577019393	112
X60.AAAGCAACATGTTCCC.1	-0.385384036643392	5.78002670180381	69
X60.AAAGTAGGTCGCGAAA.1	-5.13368061544811	2.04385147058273	45
X60.AAATGCCCAAGACGTG.1	-8.52675613904081	-1.64326678985944	87
X60.AACTCTTAGACACTAA.1	-8.97808621354015	-1.51875160683094	87
X60.AAGCCGCGTCCATCCT.1	-3.86200517200233	2.27415297960476	94
X60.AAGTCTGCATAGAAAC.1	0.495887963790675	6.05931921586722	112
X60.ACACCGGCAGTTCCCT.1	-7.26645774137709	-0.455934592705958	37
X60.ACAGCCGAGAGGTTAT.1	-3.17966283126661	-1.71365872374292	88
X60.ACAGCCGCATACAGCT.1	-9.73764297588914	3.33317692226466	38
X60.ACATCAGCAACACCCG.1	1.82660612638069	11.3096032363577	20
X60.ACATCAGCAAGCCGTC.1	-7.42613367681229	-1.09359374905121	87
X60.ACCTTTACATGTAGTC.1	-0.11536149241356	5.5388123422746	69
X60.ACCTTTATCCTTGACC.1	-0.16251155614367	4.54011472434288	67
X60.ACGAGCCAGGAGTTGC.1	-7.92728018522767	1.45270419805693	95
X60.ACGATACGTCCGAGTC.1	-4.00340128417098	2.20208962116095	94
X60.ACGATACGTGCTCTTC.1	-8.17582120149492	-1.48686131942875	87
X60.ACGATGTAGATAGCAT.1	-4.23913898878407	6.50473414440161	39
X60.ACGCCGAAGTTGCAGG.1	-3.70725901200857	3.0202448678539	94
X60.ACTATCTCAGTAAGAT.1	3.15381595878981	10.9747271626474	40
X60.AGACGTTAGAACAACT.1	-4.47714894265	0.930188493862003	41
X60.AGAGCTTTCGCGTTTC.1	-0.851447943146981	4.21135329047084	67
X60.AGATTGCGTGACTACT.1	-7.98129204442097	0.379037653824799	83
X60.AGCGTATTCGCCAAAT.1	-5.36456582690194	0.729435939285874	41
X60.AGCTCCTGTTAAAGAC.1	-4.48635619894127	3.31184524086229	55
X60.AGCTCCTTCAGTGCAT.1	2.32820407597708	11.2085075230415	20
X60.AGCTCCTTCCGTTGTC.1	-6.50396974438896	2.7910477981852	63
X60.AGCTCCTTCCTTGGTC.1	2.94231350491478	10.7986907869391	40
X60.AGGCCACCATGCAACT.1	2.51694156781054	8.93591484484153	79
X60.AGTAGTCAGTCAAGCG.1	-8.71389043663376	-0.0613394089923262	52
X60.AGTGGGACAGGGATTG.1	-2.36118830480133	2.91484747246984	59
X60.AGTGGGATCGAGAGCA.1	-4.23321221061954	3.33513120363264	55
X60.AGTTGGTGTGAGCGAT.1	-0.60113683157676	6.32632826764622	69
X60.ATAACGCAGCGTTTAC.1	-2.02957373764982	5.7981367850734	42
X60.ATCACGAAGCTGGAAC.1	-6.68079857434409	-1.02322575501017	37
X60.ATCACGAGTCAGAGGT.1	-3.92118646747649	1.6816996862035	94
X60.ATCATCTGTGTAACGG.1	-4.70987129612498	1.35317605922248	41
X60.ATCATGGAGCGTGAGT.1	-2.57337470620185	0.674360966281215	58
X60.ATCCACCCACAGCGTC.1	-5.18344052337497	1.12648484523387	41
X60.ATCCGAAGTTCAGTAC.1	-2.31658694748768	6.37515277678989	42
X60.ATGGGAGCACAGCGTC.1	-3.67704649976419	0.631756821967083	58
X60.ATGGGAGTCTCATTCA.1	2.40847225684155	10.3240374888981	79
X60.ATGTGTGTCACATACG.1	-6.12998747568204	-0.170044682270566	37
X60.ATGTGTGTCTTCGAGA.1	-5.85377750151231	-0.197194738512118	37
X60.ATTACTCTCGATCCCT.1	2.09147303044291	10.4016967991468	79
X60.ATTGGACTCAGGCGAA.1	-3.998034724877	1.84343633753889	94
X60.ATTTCTGGTCTAGCGC.1	1.9666219634373	9.92384886888095	79
X60.CAACCAAAGGCTCATT.1	-6.85724488633207	-0.865242872882058	37
X60.CAACCTCCACACAGAG.1	-5.04248598318942	0.686259074232523	41
X60.CAACCTCGTCGCATCG.1	1.55150918167953	8.88626617648084	79
X60.CAAGATCAGGAGTCTG.1	-6.55855924890618	-2.09439470341528	44
X60.CAAGGCCCATACTCTT.1	-7.88055990893545	1.85297703402995	95
X60.CAAGTTGGTCCAAGTT.1	2.61191511777969	8.14413287036286	79
X60.CACAGGCCATATACCG.1	-9.84943900809736	0.482078533914975	76
X60.CACAGTAAGAGTTGGC.1	-1.62218648849902	4.00807544332338	53
X60.CACATTTGTGGTCCGT.1	-6.60048381681493	0.703361935666563	83
X60.CACCACTCAATGAATG.1	0.47698628088162	8.28109678130027	65
X60.CACCACTCATTGCGGC.1	3.32271701725363	9.30364642495786	48
X60.CAGAGAGAGTAGCCGA.1	-5.88957327826252	1.64170546704681	45
X60.CAGCATAGTAGTACCT.1	-7.38177868811006	5.19775278135256	46
X60.CAGCTAAGTGACTCAT.1	1.38551414216081	9.46490040898267	79
X60.CAGGTGCGTCTGCCAG.1	-10.8460255163314	-0.0237090150821514	47
X60.CAGTAACTCGCGTAGC.1	-6.18420876334807	-1.27666274998448	37
X60.CAGTCCTGTCAGAATA.1	3.48893016889198	8.37985935550004	48
X60.CATATTCTCATAGCAC.1	-9.01443469534778	1.26489648122758	49
X60.CATCAAGGTAGCTAAA.1	-8.69065459543582	0.660351176953997	49
X60.CATCCACGTCTCCACT.1	-5.68406480572854	5.70426419475837	91
X60.CATCGGGAGGTCATCT.1	-5.43636391508033	0.389763280347457	41
X60.CCAGCGAGTAAGAGGA.1	-6.09269661686984	-3.40817556318096	50
X60.CCATTCGAGGGAACGG.1	2.34627847869793	8.07897802171851	79
X60.CCCAGTTTCATAGCAC.1	-6.08812450787913	0.703416209841371	83
X60.CCCTCCTAGATGTGTA.1	2.25020335322982	9.52375630701384	79
X60.CCCTCCTCACCCATGG.1	-6.18775730582809	-0.276268169768135	37
X60.CCTACACCAAGCGAGT.1	-3.27871010784702	1.05241860273419	58
X60.CCTATTAAGGCCCGTT.1	0.423679695052525	12.1036929949306	124
X60.CCTATTAGTTCCATGA.1	-7.66685842016311	0.443351154989879	83
X60.CCTATTATCGGATGGA.1	-4.31418370580742	0.919729574930575	41
X60.CCTCTGATCAACCATG.1	-1.89788281280441	5.16731660955834	53
X60.CGAACATGTCTAGCCG.1	0.818280546695959	11.8923141415541	124
X60.CGAATGTTCATTTGGG.1	-0.827871505036653	3.66574094205517	67
X60.CGCTTCATCCAGAAGG.1	-6.95432125708337	1.4005553006986	83
X60.CGGAGCTGTCTGATTG.1	-9.03682017024368	-0.805861305941397	52
X60.CGGTTAAAGTCATCCA.1	-2.64359567042399	1.38504418474673	58
X60.CGTGTAATCATCATTC.1	-2.37473129533738	4.63129765740574	53
X60.CGTTAGACACGAGGTA.1	1.09833234279941	6.97426787061098	61
X60.CGTTGGGGTATCGCAT.1	-3.00669232182278	2.26590015721597	71
X60.CTAAGACGTTAAGTAG.1	-5.66760023285731	5.04318976850913	91
X60.CTAATGGTCAGGTTCA.1	-6.93909070381324	0.451946520407755	83
X60.CTACACCGTGACTACT.1	-6.62261014367548	2.03178248559328	83
X60.CTACATTAGTCTTGCA.1	-1.58721910665876	5.80458817576724	42
X60.CTCTGGTAGGGAACGG.1	-8.10472177424514	-2.20668673618934	87
X60.CTCTGGTAGTCGCCGT.1	-4.42795166092493	4.55296433108658	72
X60.CTCTGGTCATATGCTG.1	-9.66197222796629	1.50826735576466	49
X60.CTGTGCTAGCTGCAAG.1	-2.91256515237672	2.97368266374691	59
X60.CTGTGCTCACACGCTG.1	-8.07096515767139	-0.397084531036599	52
X60.CTTCTCTAGGGTTTCT.1	-7.52474607254548	2.13993047282053	95
X60.CTTTGCGTCGGAAATA.1	-8.81157847091699	2.08588522875631	49
X60.GAATAAGAGATGTAAC.1	1.78432493674718	8.15239960246569	61
X60.GAATGAACATGCCTTC.1	-2.24871674319995	1.2670098197791	58
X60.GACACGCCAAAGGCGT.1	-5.20953337328931	3.98196052265849	54
X60.GACCAATTCGAATGGG.1	3.32916650985937	7.78791614297338	79
X60.GACGCGTAGGCAAAGA.1	-8.04212388931821	-0.123515103522716	52
X60.GACGCGTAGTGCGTGA.1	-6.544031469693	1.42772291511194	83
X60.GACGCGTCACGCCAGT.1	-4.51526517724967	3.00447805467951	55
X60.GAGGTGAAGATCCCAT.1	-5.41826062681069	1.41296480631922	41
X60.GATCGATAGGATGTAT.1	-6.68474292399549	1.02771526630972	83
X60.GATCGATGTCCATCCT.1	-6.89180802540645	-0.876789311921971	37
X60.GATCGCGAGCGATGAC.1	-6.26553255747369	1.00580244611755	83
X60.GATTCAGCAAAGCAAT.1	-6.11701539938157	5.44080554047826	91
X60.GCAATCAGTAAGGATT.1	2.14380330158838	10.7384686208562	79
X60.GCAATCAGTATCGCAT.1	-3.24682468827408	3.90658073114766	59
X60.GCAGCCAAGGCATGGT.1	0.666453875890486	7.61268718498416	65
X60.GCAGTTACACGGACAA.1	1.67037373297424	8.05849634568236	61
X60.GCATGTAGTGCCTTGG.1	-7.18874952077275	2.84846439636314	93
X60.GCGAGAAGTCTTCGTC.1	-8.13978493786213	-0.431506461286262	52
X60.GCGCAGTTCCAATGGT.1	-3.11447017362535	-1.46661324717396	88
X60.GCGCCAAAGTCGTACT.1	3.02001666897019	7.80621143483754	79
X60.GCTCTGTAGGCTATCT.1	-1.02345844250962	5.54546168554728	69
X60.GCTGCAGAGTACTTGC.1	-7.96934437044367	-2.79885729276293	87
X60.GCTGCTTCATCGGTTA.1	-2.39736491029113	3.49876667268389	59
X60.GCTGCTTTCCTTGGTC.1	-4.3670824766193	-0.472787113624563	77
X60.GGACAAGAGCGTGAGT.1	-7.1984474360352	3.85516495671695	93
X60.GGACAAGGTGACTCAT.1	-6.25460965853418	-1.19283091864413	37
X60.GGACAAGTCACTTACT.1	-6.3942664226413	1.61867115563268	83
X60.GGATTACAGCCCAATT.1	2.31561500795718	10.5057524559803	79
X60.GGCAATTGTATGCTTG.1	-5.69551561464176	-1.55058590301784	44
X60.GGCGACTAGCAGGCTA.1	-7.86231794303085	-1.37530605446227	87
X60.GGCGACTCATTCACTT.1	-5.65542817375485	-0.0874986974851333	37
X60.GGGAGATGTAGTGAAT.1	-8.06435596483994	-0.138449299445389	52
X60.GGGCACTCACGAGAGT.1	2.79869771696769	8.30719252526311	79
X60.GGGCATCGTGAGGGTT.1	-9.6212066981967	-2.5462219726627	66
X60.GGGCATCGTTACAGAA.1	-7.47820878636804	3.40544901378959	93
X60.GGGCATCTCACCCTCA.1	-1.40779823699174	4.50540145647806	53
X60.GGGTTGCCAAACAACA.1	-4.63370705850338	5.51211659676463	57
X60.GGGTTGCTCGTCACGG.1	-3.84611756382569	2.41663009267554	94
X60.GGTGCGTCAAATTGCC.1	-0.558029060908315	7.89152403282749	65
X60.GTACTTTAGCGAGAAA.1	-6.97905697722553	0.732791975308205	83
X60.GTATCTTAGGAGTAGA.1	-6.66335946842958	0.932608838625845	83
X60.GTATTCTGTGCACCAC.1	1.74181292416125	10.6925377423188	79
X60.GTCACAACAAGCCATT.1	1.69168549248602	10.5071143873183	79
X60.GTCCTCAGTCCAGTGC.1	2.58341914473012	9.31216682598025	79
X60.GTCTCGTCAATGTAAG.1	2.49385654759209	7.40032361071006	74
X60.GTGCAGCGTTCTCATT.1	2.48302386307965	7.21038878150618	74
X60.GTGCATAAGCCCTAAT.1	3.40236887846279	9.26818342807217	48
X60.GTTCTCGAGTCCATAC.1	-2.73462215386837	1.07967818464462	58
X60.GTTCTCGGTCTGATTG.1	-3.40309109067557	3.48156631033785	59
X60.GTTTCTATCGCGGATC.1	1.10789503785409	7.10881802369993	61
X60.TACGGTAAGACCACGA.1	-6.95214177982596	0.755902357403441	83
X60.TACGGTACAACTTGAC.1	-5.43387253032741	0.988512600463825	41
X60.TACGGTAGTATGCTTG.1	-3.34869165923652	5.69403123262848	62
X60.TACTCGCTCTCCGGTT.1	-7.41906794876798	0.71649564543918	83
X60.TAGGCATTCTGTCTAT.1	-6.21447765269515	3.03084696733935	63
X60.TCACAAGAGTCGAGTG.1	-5.54022082262397	3.23272243803659	63
X60.TCAGCAACATCGACGC.1	-5.72354026432537	2.15281126809248	45
X60.TCAGGATAGATCCTGT.1	-7.31732361784781	-3.19066158115591	64
X60.TCAGGATTCTAGCACA.1	1.68346735679239	9.0880518648868	79
X60.TCATTACGTTGGTGGA.1	-3.81374703549077	1.46652309138812	94
X60.TCGCGAGAGTCGCCGT.1	0.293109457882018	7.90181734346632	65
X60.TCGGTAAAGTCCGGTC.1	0.634303132096043	8.26502777937876	65
X60.TCTTCGGCACATCCGG.1	-9.7123637627337	-2.56275452946903	66
X60.TGACAACAGTATCTCG.1	-0.134827515242385	4.36792066811777	67
X60.TGACGGCGTAAAGGAG.1	-7.80395674700066	-1.41627089543144	87
X60.TGACTAGCAAGTTGTC.1	-7.13191782421582	0.140487216879201	83
X60.TGACTTTTCATAACCG.1	-5.87303623284804	2.72744234403482	63
X60.TGAGCCGTCCCTCAGT.1	-0.094945955333267	7.21282125621826	65
X60.TGCGCAGCAGGGTTAG.1	-1.16808391493737	5.44447194627503	69
X60.TGCGGGTCACAGGTTT.1	-8.36348972475312	4.53746204394454	70
X60.TGCGTGGTCCTGCAGG.1	-2.23322878799783	2.21119443999492	71
X60.TGGCCAGCAGGTCGTC.1	-3.02611749010482	-1.51921240114478	88
X60.TGGCGCACACCTGGTG.1	-4.30866536287541	4.48031206049393	72
X60.TGGGCGTAGTAGTGCG.1	-3.42028046819984	-0.566351551323272	73
X60.TGGTTAGCACTTGGAT.1	-10.0622128058755	2.36943112375342	38
X60.TGGTTCCGTCAGAAGC.1	2.28471673010465	6.91874998563443	74
X60.TGTGGTACAAGCCATT.1	1.42440115686416	7.62031519257534	61
X60.TGTGTTTTCACAACGT.1	-5.72561596867098	-1.65164379991634	44
X60.TTAACTCCATTAACCG.1	-8.52111174959377	-0.745562065997401	52
X60.TTAGGCAAGCGTAGTG.1	2.48524137871	9.50704880497364	79
X60.TTCTACAGTTCTGTTT.1	-1.47508714860481	6.39067699226733	42
X60.TTCTTAGAGGCTCAGA.1	2.74926057260932	8.54153485102151	79
X60.TTCTTAGAGTAAGTAC.1	1.68382454552947	9.67633360891703	79
X60.TTGAACGAGTTATCGC.1	0.578909610383118	6.35379372006502	112
X60.TTGACTTGTAATCGTC.1	-4.92576631221346	0.409528621428837	41
X60.TTTATGCGTTCTGGTA.1	-9.63312676205672	0.0619324361858958	76
X60.TTTCCTCCATGGATGG.1	-3.75150001960337	4.52908435249395	72
X60.TTTGGTTGTCCGTCAG.1	-9.09869446326161	1.86033245951536	49
X85.AAAGCAAAGAAGGTGA.1	-5.11943187661039	-0.424962712250296	77
X85.AAAGCAACAGATGGGT.1	-0.136657260072385	3.51332739951556	67
X85.AACTCCCTCACATGCA.1	0.246957466466177	0.868743033989221	78
X85.AACTCTTTCATTGCCC.1	-6.51509042918754	-0.573916653482622	37
X85.ACGGCCAGTTGCTCCT.1	2.67000022063733	7.93393699759051	79
X85.AGATTGCGTTCGTCTC.1	-7.16865538366185	2.00064174163366	95
X85.ATCACGATCATGTGGT.1	-0.461394786035028	6.58418748166967	69
X85.ATCTGCCTCCGAAGAG.1	-7.31285957259113	0.196460193921659	83
X85.CAACTAGCATTCCTCG.1	-2.3094954138176	-0.294536970148821	80
X85.CACATTTCAGTTTACG.1	-1.63224424336204	1.45869842956245	81
X85.CAGAGAGCAAAGGCGT.1	-7.99457799310047	0.747008225450484	83
X85.CAGCTAATCTCCAGGG.1	-8.81952284513875	-2.0870490552383	87
X85.CCTAGCTCATGAACCT.1	-5.32102931341864	2.13864216177642	45
X85.CGACTTCGTAAGGGAA.1	3.07732600186487	10.9117150035117	40
X85.CGACTTCTCCCTTGCA.1	-1.01406885355557	2.32602657889801	84
X85.CGCTATCAGCCAACAG.1	-1.69571467351531	4.90644109533212	53
X85.CTCTAATAGACCCACC.1	-7.96995463264548	2.0373692861365	95
X85.CTTAGGAGTAAACACA.1	-10.3186468095478	-1.49385144466552	85
X85.GAAATGAAGCGTCTAT.1	-2.68343728181701	2.45237243722354	71
X85.GAACCTAGTTATTCTC.1	-5.35567774418985	-2.04871154752833	44
X85.GAAGCAGAGGTGTTAA.1	-7.896889999054	-0.840670755804602	52
X85.GAATAAGCAATCCGAT.1	-7.3371449779194	-3.99383023147441	64
X85.GAATAAGGTTATTCTC.1	-2.87334886704862	5.17614664784766	62
X85.GACACGCAGCTAACAA.1	-8.21747949990759	-0.472313619398954	52
X85.GACTAACCATCTCGCT.1	-5.98855964678811	-2.1489194411652	44
X85.GAGGTGATCCACGCAG.1	-9.96612362458805	-0.781483781403646	85
X85.GATGAAAGTGGACGAT.1	-8.63022725654537	0.91123152027281	49
X85.GCCAAATTCCCTAATT.1	-0.823882496534762	2.91969073495183	84
X85.GCCTCTAGTGACGGTA.1	-7.43575991969684	-2.20597320500307	87
X85.GGAACTTAGCGATCCC.1	-3.23249814268684	-1.69629485851837	88
X85.GGACAGACACATGACT.1	-8.32912942651195	-3.45748624872528	89
X85.GGGTTGCAGACAGGCT.1	3.63244290857985	7.70814835757771	79
X85.GGTGCGTCATTGAGCT.1	-7.17321748892636	0.917004410934218	83
X85.GTACGTAGTCCAGTTA.1	-8.81380657272802	3.31019121311133	90
X85.GTATCTTCAACGCACC.1	-5.70164410439483	4.54855765341096	91
X85.GTCAAGTTCTGGCGAC.1	-4.5502275801531	-0.0781724703366388	77
X85.GTCACGGAGTAGTGCG.1	-6.22968156869987	1.11000610142448	83
X85.GTCATTTCATACCATG.1	-6.53655928484115	0.0335265229003886	37
X85.GTGGGTCAGTGGAGTC.1	-8.29471836236659	2.61965427200793	90
X85.TACCTATCAGACAAGC.1	-1.43578171926007	4.15422608460912	53
X85.TACTCATAGACAAGCC.1	-9.41032974677107	0.242831709436242	76
X85.TACTTGTAGCGATCCC.1	-7.14000128099958	-1.53191459568709	92
X85.TATTACCGTAATAGCA.1	-6.10311266688057	4.43349320915521	91
X85.TCGCGAGAGTTGTAGA.1	-10.1776136829335	2.52559338835722	38
X85.TCTTCGGCATCCCATC.1	-7.19010180972542	4.15345191891501	93
X85.TGAAAGACACGGACAA.1	-3.77186986367097	2.89505000000514	94
X85.TGGTTAGCAGTGAGTG.1	-1.25707176995841	0.308754977124015	82
X85.TTCCCAGGTCAAGCGA.1	-7.70074095037467	1.41833860892792	95
