V1	V2	cluster
X00.AAACCTGCAAGCCTAT.1	15.3025171812811	-7.16702248095196	1
X00.AAACCTGCATAAAGGT.1	11.8319422934051	-6.26086058481735	29
X00.AAACGGGGTCCTAGCG.1	14.7644672625359	-9.21131831113144	14
X00.AAAGATGAGGACAGCT.1	-0.334934998857909	-6.71628311969975	16
X00.AAAGCAACACGTCTCT.1	12.4116910848235	-5.26867159306601	29
X00.AAAGCAACATTAGGCT.1	15.1415509729186	3.05668205396006	7
X00.AAAGCAACATTGCGGC.1	0.750727048429162	-4.25525227961355	114
X00.AAAGCAAGTTCGCGAC.1	-6.61965008103787	-10.1672596777177	39
X00.AAAGCAATCCAGTAGT.1	12.8708417942946	-6.26780198975788	29
X00.AAAGTAGCACGGCGTT.1	4.06506032766739	-4.21700681459108	17
X00.AAAGTAGGTCTTGTCC.1	19.8934691875339	3.84611999164765	20
X00.AAAGTAGTCGTCACGG.1	10.6645331265703	-5.43926731349814	15
X00.AAATGCCAGAGAACAG.1	-0.367072916101097	-3.59432733111488	65
X00.AAATGCCCACGTCTCT.1	-6.44201263151559	-6.74501945826127	70
X00.AACCATGAGGGTTCCC.1	5.7037341691584	-4.52582600401652	17
X00.AACCATGGTCTCCACT.1	5.0912806650902	-3.95539581773435	17
X00.AACGTTGCAGCTGTTA.1	-13.6968285834469	-4.90567906733233	8
X00.AACTCAGCATATACCG.1	-9.21659751779125	-6.32833757724466	126
X00.AACTCAGGTGTGACGA.1	-3.00114979388587	-8.67330619557124	66
X00.AACTCCCCAAGACACG.1	-12.2686967616425	-13.3853643786916	45
X00.AACTCCCGTGGCAAAC.1	7.9848176911999	-1.83573483073038	88
X00.AACTCCCTCAGTTGAC.1	19.9877688390734	5.02850212807832	30
X00.AACTCTTGTATCTGCA.1	-7.76384766714003	-6.75515712940008	24
X00.AACTTTCCAAAGCAAT.1	-1.43571390221297	-4.06662511185799	16
X00.AACTTTCGTGGTAACG.1	0.14688453877212	-17.9745477152714	149
X00.AAGACCTTCGTCTGAA.1	8.15107319404308	3.23564762534815	48
X00.AAGCCGCCAAAGAATC.1	-2.45969229353694	-1.33728695037679	33
X00.AAGCCGCCATTAACCG.1	18.0697905093448	3.18479897891802	83
X00.AAGCCGCGTGCCTTGG.1	2.30616799020079	-6.08331265813304	23
X00.AAGGAGCCAGTGAGTG.1	5.53771151734088	-3.42945754196621	17
X00.AAGGCAGTCACAGGCC.1	1.02628563977269	-3.11291250854823	51
X00.AAGGTTCAGTACGCCC.1	11.5258484173554	2.62085396533449	52
X00.AAGGTTCTCTTCTGGC.1	8.26352949091157	0.640319645090783	48
X00.AATCCAGAGGTGATTA.1	-4.64873497001986	-6.13665485373411	70
X00.AATCCAGCACCGATAT.1	-7.73078404791514	-8.18473161064682	5
X00.AATCCAGGTCTGATTG.1	10.391217398961	0.429589950111088	48
X00.AATCGGTAGCGCCTTG.1	8.6480117913636	-0.0576627000019444	88
X00.AATCGGTAGGCAATTA.1	-8.53844283720852	-12.236577597605	18
X00.ACACCAAAGTGTGGCA.1	-14.3545318495782	-7.41908798610058	76
X00.ACACCAACATAGTAAG.1	-0.600375850604629	-9.51122187036541	50
X00.ACACCAATCACGATGT.1	4.69859543911176	-5.6269667670741	23
X00.ACACCGGAGATCGGGT.1	-9.80492029283041	-6.09792810464514	126
X00.ACACCGGAGGCTCATT.1	-14.1737924001135	-6.53306613572702	76
X00.ACACCGGGTGTGACGA.1	0.84774025325636	-11.3668784268192	147
X00.ACACTGAAGAGTCGGT.1	1.66437175659689	-5.15304427974976	114
X00.ACAGCCGCAATCGAAA.1	14.4931422424315	-4.85161717899604	137
X00.ACAGCCGCACGCTTTC.1	0.817028374755609	-1.93879162410094	51
X00.ACATACGGTGCACGAA.1	-0.803981235577156	-7.55099994901876	66
X00.ACATCAGCACATTTCT.1	-11.7564384417541	-8.93447598557142	38
X00.ACATGGTCACGCGAAA.1	3.08838632816228	-6.09431795722112	23
X00.ACCAGTACATTCGACA.1	8.90569587968205	0.691126221267003	48
X00.ACCCACTAGACGCACA.1	1.30409874342137	-7.467322561787	50
X00.ACCCACTCAGTCTTCC.1	5.27695172558872	-2.71112395485764	17
X00.ACCCACTCATCTATGG.1	18.4008731180577	4.73343329999015	30
X00.ACCGTAAGTGCCTTGG.1	1.04620240457169	-7.76299450306427	50
X00.ACCTTTAGTCTCTCTG.1	19.7369562428663	4.74463076605506	30
X00.ACCTTTAGTGCGAAAC.1	-8.13893865421582	-8.11836661250214	5
X00.ACCTTTAGTTCCACGG.1	-6.00169089711457	-5.88138734706247	70
X00.ACGAGGAGTACTCGCG.1	1.42290701845815	-1.44686420046468	51
X00.ACGAGGAGTCAGATAA.1	-2.77210653836036	-2.58367397358575	145
X00.ACGATACCATCGGGTC.1	4.05123828217154	-3.5279896248532	17
X00.ACGCCGACAGTTCCCT.1	9.71707535647002	-2.7191448560114	47
X00.ACGCCGAGTACTTGAC.1	-0.754362515514846	-6.63888599061565	16
X00.ACGCCGAGTCAAACTC.1	5.57233311751739	-3.79354682170515	17
X00.ACGCCGATCGTAGGTT.1	9.24005506912828	-4.57425861349728	15
X00.ACGCCGATCTTCATGT.1	-7.15218778892194	-9.87467018729683	39
X00.ACGGAGAAGATGTAAC.1	2.97743817341114	-7.40035824109573	2
X00.ACGGAGACATGCTAGT.1	0.935711253915695	1.01590768990998	26
X00.ACGGGCTCAGCTGTTA.1	5.23133001228631	-6.53733530466869	136
X00.ACGGGCTGTCGCATAT.1	1.41579955596797	-6.41961503406627	44
X00.ACGGGTCCACTTAAGC.1	-0.965787451427304	-6.53178982853052	16
X00.ACGTCAATCAGTTAGC.1	19.4173064906316	4.50645083193187	30
X00.ACTATCTTCAGTGTTG.1	2.19150977626284	5.91780048580855	10
X00.ACTGCTCTCTTTACGT.1	-0.408647774899586	-12.5415474902687	147
X00.ACTGTCCCAGGATTGG.1	-4.68926910197629	-6.99548939448206	146
X00.ACTTACTCAGCGATCC.1	16.9965845414534	3.29446424985182	83
X00.ACTTGTTGTTACGTCA.1	4.3552183971603	-2.39875279444275	41
X00.ACTTTCAGTCCTGCTT.1	-3.94135775811011	-13.8140751625692	40
X00.AGAATAGTCGTGACAT.1	-3.56132669386711	-3.29263221344019	145
X00.AGACGTTTCTCTGTCG.1	-7.78000268033536	-5.0100354276837	46
X00.AGAGCTTCAGATGGCA.1	9.39096642833716	-2.81611423070851	47
X00.AGAGCTTTCACGATGT.1	-10.8600031666612	-10.485035819548	61
X00.AGAGTGGCAAGCCTAT.1	2.42882521524215	-5.39825360312333	114
X00.AGAGTGGCATGAAGTA.1	-3.03777914547442	-9.87663782340326	131
X00.AGATCTGTCAGTTCGA.1	-6.26348816509507	-7.67947416823727	39
X00.AGATTGCAGCGTGAAC.1	-2.42361791411074	1.14787190572927	99
X00.AGCAGCCAGGTGTTAA.1	0.403304403484717	-8.10751115369306	50
X00.AGCAGCCGTGGCGAAT.1	-5.47651388867737	-4.39762537904334	150
X00.AGCATACAGCGGATCA.1	-6.89293433094433	-10.5909740906336	39
X00.AGCATACGTCGCATCG.1	0.290918964042935	-6.55909392971316	16
X00.AGCATACTCATGCAAC.1	6.55101608415055	-5.32016921261783	136
X00.AGCATACTCGTGGACC.1	-4.15249590269777	-8.35873323214464	146
X00.AGCGTATGTCTACCTC.1	0.636026646986122	-6.26920305585875	16
X00.AGCGTCGGTCGTTGTA.1	-9.43226635763739	-8.17109743677984	126
X00.AGCGTCGTCCTTTACA.1	3.90417679338791	0.951018862328185	21
X00.AGCGTCGTCGTTTATC.1	5.43051765986993	-1.7298244548384	27
X00.AGCTCCTGTTGGTGGA.1	16.8335960674468	3.17096971017574	83
X00.AGCTCTCAGTGACATA.1	-3.61660675290419	-0.998096609900011	69
X00.AGCTTGACAACTTGAC.1	-1.91874387287781	-6.577221211957	103
X00.AGGCCACTCCCGACTT.1	2.14831814924832	6.04111324579674	10
X00.AGGCCGTGTCGAGATG.1	9.78887877606612	-1.40704018858485	47
X00.AGGCCGTTCATCACCC.1	-1.86823604848045	-2.69933451097892	65
X00.AGGGATGAGATCGATA.1	-4.13359354519473	-5.0520959900296	145
X00.AGGGTGAAGGGAACGG.1	4.57877326419654	-8.64593330376389	2
X00.AGGTCATCACATTCGA.1	6.84417230381741	-13.4627025969204	31
X00.AGGTCATGTATTAGCC.1	-0.953196559986595	-6.03652957006683	16
X00.AGTGAGGAGACTCGGA.1	5.83576176185183	-5.42702377024116	136
X00.AGTGAGGGTTTGACAC.1	4.87825516034731	-2.86558992447325	17
X00.AGTGTCACATTGGGCC.1	7.71548215892213	-3.76826202464723	67
X00.AGTTGGTTCACTTATC.1	0.119012978093192	-13.8565912826683	144
X00.ATAACGCTCTTGTACT.1	6.85674430084758	-2.25160213981316	27
X00.ATAAGAGTCTCCGGTT.1	-6.56662533689256	-5.73643337490411	70
X00.ATCACGAAGTAATCCC.1	23.183541186826	1.84870944047825	53
X00.ATCACGACAAGCTGGA.1	-1.43047709588689	-11.9617222085201	147
X00.ATCACGACACCTTGTC.1	9.75871251160565	-0.294053303976768	48
X00.ATCACGATCAGGATCT.1	13.3031364912648	-5.55385017513481	29
X00.ATCATCTCAGGGTTAG.1	-7.86800840097777	-4.24984006559035	46
X00.ATCCACCTCAGCCTAA.1	2.76792364985027	-3.36370934357443	51
X00.ATCCGAATCATGTCCC.1	0.26281501546534	-2.3082981074449	51
X00.ATCGAGTCACCATCCT.1	2.97679565487177	-3.57224075257753	51
X00.ATCGAGTTCAATAAGG.1	-0.841608066946469	-11.9542227265154	147
X00.ATCTACTAGCTCCTCT.1	-0.882353369597027	1.30053679065232	26
X00.ATCTACTGTCTAACGT.1	5.90515193104772	-0.517575055134686	27
X00.ATCTACTTCAATAAGG.1	6.70121921875577	-11.2584906887825	49
X00.ATCTGCCAGCTCTCGG.1	1.03132284895628	-2.80575606908499	51
X00.ATCTGCCCACCGAATT.1	-9.48261716868682	-6.78388639853302	126
X00.ATGGGAGCAATCTGCA.1	14.6286006415971	-4.5941706591886	137
X00.ATGTGTGCATCGGAAG.1	9.98785940983845	-4.37885027926629	15
X00.ATTACTCTCAACTCTT.1	14.7534803042979	-8.75569516691021	14
X00.ATTATCCAGTGCTGCC.1	-5.47950647733842	-8.41222477059834	39
X00.ATTATCCCAAGCCTAT.1	-11.8163303688602	-7.87745902250818	38
X00.ATTATCCCAAGGACTG.1	2.04697225137598	-1.82031752691552	51
X00.ATTGGACAGGCCATAG.1	2.82734632496097	-1.06875579079686	41
X00.ATTGGACCAACCGCCA.1	-6.29946375077283	-5.20088832636115	150
X00.ATTGGACGTAAGTGTA.1	7.01653195653641	-4.05065730988628	67
X00.ATTGGTGCAGTTTACG.1	1.25408076363294	-3.4066336438456	51
X00.CAACCAAAGGATCGCA.1	12.4574131131417	-5.7706426129961	29
X00.CAACCAAGTGTGAAAT.1	13.9338342885973	-8.01487168294477	14
X00.CAACCAATCAAGAAGT.1	13.3313845220655	0.938779157755458	3
X00.CAACCTCCATGGAATA.1	0.656418435547877	-2.9974480779208	51
X00.CAACCTCGTGGTACAG.1	7.0404843803276	-0.113447465312869	37
X00.CAACCTCGTTCAGCGC.1	-3.53065919723986	-8.61212175195197	66
X00.CAAGAAAAGGGAAACA.1	18.8479041323223	5.01010417469197	30
X00.CAAGAAATCCAAACAC.1	17.6890513611069	3.87393340101445	83
X00.CAAGATCAGACTGTAA.1	6.23964435362235	-5.86073773550407	136
X00.CAAGATCGTAAGAGGA.1	10.7278052071297	0.893397368286296	48
X00.CAAGTTGGTTCGGGCT.1	6.19301810011275	-3.64385946104398	17
X00.CAAGTTGTCTAGAGTC.1	-8.52153659400726	-9.50550012647612	5
X00.CACACCTCAAAGCGGT.1	2.38064104931908	8.6376889773392	141
X00.CACACTCGTATTACCG.1	19.9648585755636	4.60446021531329	30
X00.CACAGTACAGGGATTG.1	-1.30274420344876	-12.7499691234471	147
X00.CACAGTACAGTGAGTG.1	-7.58398103972983	-2.21818200170053	22
X00.CACAGTAGTTCGGGCT.1	-5.27775097757105	-6.68404517700053	70
X00.CACATAGGTTGGGACA.1	-2.09395398202463	-6.88426425629324	103
X00.CACATTTTCCGGCACA.1	9.49905424795996	0.345472385774859	48
X00.CACCACTGTCTGCGGT.1	-10.4846065905158	-9.21359750574631	126
X00.CACCAGGCACTTACGA.1	9.95290222228175	1.77419120061936	48
X00.CACTCCAGTCAGTGGA.1	-1.85952768201476	-9.11958817553979	66
X00.CACTCCATCTGGTGTA.1	-3.24360036260626	-12.9868302650544	94
X00.CAGAATCTCGTTTGCC.1	0.628461859437294	-4.75331395618892	114
X00.CAGAGAGAGTGCTGCC.1	13.9369714625469	-5.80169054135068	29
X00.CAGAGAGGTACATGTC.1	-5.76307845068689	-7.78777470347845	39
X00.CAGCAGCAGCCTTGAT.1	-5.26446570690595	-4.03318720530441	150
X00.CAGCATATCAAACGGG.1	-1.80604930854976	-5.7246269084883	16
X00.CAGCCGAAGGACACCA.1	-0.252013130651752	-8.67469660956167	50
X00.CAGCCGACAGCTCGAC.1	10.3786887835158	2.97975599349788	52
X00.CAGCGACGTAAACGCG.1	-0.692663809938168	-4.0255212264628	65
X00.CAGCTAAAGTGTGGCA.1	1.05986490696362	-3.42878844703453	51
X00.CAGCTAATCGCAAACT.1	10.9505160941654	-2.85976089731866	47
X00.CAGCTGGAGTCGTACT.1	-0.971549595502351	-9.37222146020039	50
X00.CAGCTGGGTCAGAATA.1	-4.4625965427546	4.61876075406304	125
X00.CAGCTGGTCGTTGACA.1	-7.4110213120895	-5.83472395814422	24
X00.CAGGTGCGTAATCGTC.1	-2.30680461780377	-5.67781754468424	16
X00.CAGGTGCGTGCTTCTC.1	-2.53192655985147	-3.57468962714662	145
X00.CAGTAACCATAGACTC.1	-11.5109078279415	-8.86839699928868	38
X00.CAGTAACGTCCCTACT.1	0.581582183560934	-5.34641108037716	114
X00.CAGTAACGTTAAGACA.1	-1.48746866182469	-1.9723366428158	65
X00.CATATGGGTGCCTTGG.1	-4.97369208049253	-5.48413542444871	70
X00.CATATTCAGGCTCTTA.1	9.71006516781122	0.265298507630699	48
X00.CATATTCGTTGTCTTT.1	-9.24427353166453	-13.1763096525194	18
X00.CATATTCTCTGGCGAC.1	7.70618404703678	-3.92926118074812	67
X00.CATCAAGCAGGCGATA.1	0.756979092533752	-5.89374068573163	16
X00.CATCAAGGTCGGCATC.1	6.33215803358584	-3.02772415246274	27
X00.CATCAGAGTAGCGATG.1	-8.39020531427134	-8.58476293689112	5
X00.CATCCACCACCAGATT.1	-12.1477450105551	-4.81903246333211	111
X00.CATCCACGTGGTACAG.1	-7.29321735176657	-6.00715901312216	24
X00.CATCCACTCAACACAC.1	1.48941073090518	-5.04525589518078	114
X00.CATCCACTCAGCAACT.1	19.3735180490225	4.88121647609918	30
X00.CATCGAAGTGTCAATC.1	-8.23937253608757	-6.01589562781892	24
X00.CATCGAATCTCGATGA.1	-0.53043674351732	-2.23064609292403	65
X00.CATGGCGCATCCCATC.1	4.98397988178903	-7.09383007294862	136
X00.CATTATCCAACCGCCA.1	-5.64008946697342	-6.58127080043436	70
X00.CATTATCCAATGTTGC.1	19.603043569799	4.35453953211899	30
X00.CATTCGCAGCCGATTT.1	-0.499917270466911	-15.0489845811909	144
X00.CCAATCCTCCGCGGTA.1	-6.24149515278972	-7.77528829889089	39
X00.CCACCTACAGTTTACG.1	-2.76124079367541	-6.03917758288675	103
X00.CCACCTAGTGACAAAT.1	-3.45123218879838	-5.77946214405131	103
X00.CCACCTAGTTGTTTGG.1	13.6231525659141	-6.07820652050017	29
X00.CCACCTATCAGCTGGC.1	2.99512470870648	-7.45222464335009	2
X00.CCACGGACAAGGTTCT.1	-4.96242710527123	-4.36985419298649	150
X00.CCACGGATCGACCAGC.1	7.47029684764978	-1.05556101894957	88
X00.CCACTACCATGAACCT.1	1.56137910481042	-8.6004197412162	50
X00.CCACTACTCAGTCCCT.1	-1.3182098479514	-2.6811305523602	65
X00.CCAGCGAGTAGGAGTC.1	17.2232729614596	3.21965549005756	83
X00.CCATGTCCACTGAAGG.1	-12.2070413060092	-10.2421805418527	61
X00.CCATGTCGTTAAGTAG.1	8.12926761489876	-0.193768833354599	88
X00.CCATGTCTCTCCAACC.1	-8.18994692304805	-10.4792913449994	18
X00.CCATTCGGTTAGAACA.1	-9.21785059811127	-9.45746106288384	5
X00.CCCAGTTAGCGACGTA.1	7.5205601953921	-1.05444569066027	88
X00.CCCATACAGAAACGCC.1	2.66030189052241	-0.80965058924073	41
X00.CCCATACAGCCCTAAT.1	8.88254365652118	-2.4771818245234	47
X00.CCCATACTCACGACTA.1	2.8721995547917	-4.81130790606444	23
X00.CCGGGATAGCCGATTT.1	0.266870304257389	-16.3220155698697	149
X00.CCGGTAGAGACTAGGC.1	-3.5025868447863	-14.6649549621445	94
X00.CCGGTAGAGTCCGGTC.1	-6.35948494300095	-9.22704901970719	39
X00.CCGTACTAGCACCGTC.1	5.10203418209589	-0.60528989696202	41
X00.CCGTGGAGTGAAAGAG.1	-8.93213391178728	-7.14858690471138	126
X00.CCTAAAGTCCTTGCCA.1	5.50868038474161	-2.61330512201693	17
X00.CCTAAAGTCTTGGGTA.1	-0.881341068553187	-12.3146615205947	147
X00.CCTACACGTTCACCTC.1	0.807794286546147	-4.67225948840987	114
X00.CCTAGCTAGACCCACC.1	-3.54462603108651	-1.62997829801593	69
X00.CCTAGCTAGCTAGTGG.1	-7.25590321956571	-7.44805318201784	24
X00.CCTAGCTAGTGAAGTT.1	-9.9038056549742	-8.19134943956679	126
X00.CCTAGCTTCCTCCTAG.1	18.2292364060489	4.05605142462207	30
X00.CCTATTACAGGCGATA.1	-1.30279743096853	-10.2250708129731	50
X00.CCTATTACAGGTGCCT.1	-0.25856364871415	-8.64058395119653	50
X00.CCTCAGTTCAGTCCCT.1	-10.5935684330454	-7.41345469399096	126
X00.CCTCTGACAGCGTAAG.1	-9.02897199889892	-11.0402545889771	18
X00.CCTTCCCTCCTGCAGG.1	-1.63258445623464	-6.95156824426316	103
X00.CCTTCGAGTGATAAAC.1	12.9951801504872	-5.36403902615666	29
X00.CCTTCGATCCGGCACA.1	-3.06721091514467	-5.65723360655964	103
X00.CCTTTCTGTGCAGGTA.1	8.2984220299434	-2.91801924055093	47
X00.CGAATGTTCAAGATCC.1	-3.0180076620783	-6.54778421078389	103
X00.CGACCTTAGGATTCGG.1	-3.14288689266419	-9.52186549557834	131
X00.CGACCTTTCCACTCCA.1	-12.1938312735156	-4.91535494657527	111
X00.CGACTTCGTAAGTTCC.1	11.3054448337005	-0.51439016322376	13
X00.CGAGCACAGACTAAGT.1	2.19083816931916	-5.07432980626625	114
X00.CGAGCACAGCATCATC.1	-1.72335183331788	-7.97233424616083	66
X00.CGAGCACTCGTGACAT.1	7.29541176381945	-2.61378057778295	27
X00.CGATCGGGTTGTCTTT.1	2.20172921023424	-4.96045263222729	114
X00.CGATGTAAGCGGATCA.1	8.14224950791072	-0.934785142764945	88
X00.CGATGTAGTCGAATCT.1	11.9692775379397	0.777243448401649	13
X00.CGATTGAAGAATAGGG.1	-4.07227490515358	-3.21386679479753	145
X00.CGCCAAGAGTCCAGGA.1	14.2720972507007	-5.16429520266923	137
X00.CGCCAAGTCAACTCTT.1	2.22888190890416	-3.96671217557981	51
X00.CGCGGTATCGATGAGG.1	1.77104390627684	-8.57300790615599	50
X00.CGCGTTTAGCGTAATA.1	12.6186807705133	-5.87544563927304	29
X00.CGCGTTTGTCTCACCT.1	-8.49574931160577	-8.1863860698335	5
X00.CGCGTTTTCTATCGCC.1	11.2057519034205	1.28052358525205	48
X00.CGCTTCAAGTGAAGAG.1	1.62586286721645	-4.51169916390349	114
X00.CGCTTCAGTGATGCCC.1	2.95184223774386	-0.771820948765963	41
X00.CGCTTCAGTGGACGAT.1	-3.2777226873181	-6.83619439038316	103
X00.CGGACACTCTTACCGC.1	-10.3862089989353	-7.48100543555494	126
X00.CGGACGTGTCAAACTC.1	-1.20407322921728	-7.68080133774688	66
X00.CGGACGTGTTAAGACA.1	4.84570285133787	3.90003466418659	118
X00.CGGAGTCAGCTAGGCA.1	-11.2013938270585	-7.34958055494973	126
X00.CGGAGTCCAAGGGTCA.1	-8.90612609264725	-7.39466948998192	126
X00.CGGAGTCGTCATCCCT.1	8.27274026603899	-3.00050505301489	47
X00.CGGAGTCTCAGGCGAA.1	-1.93964795061898	-6.55103001881553	103
X00.CGGGTCAAGGAGTAGA.1	-7.43186447823285	-3.40586632526907	46
X00.CGGGTCAGTGCCTGTG.1	5.30496869776667	-6.56836187248337	136
X00.CGGTTAATCCTTTACA.1	1.31722770362902	-6.44199900608618	44
X00.CGTAGCGCATGAAGTA.1	11.6953363021042	-0.283179085279506	13
X00.CGTAGCGTCTAACTGG.1	8.87583845238971	0.803340459069339	48
X00.CGTCACTAGACTAGAT.1	-3.74190590364946	-12.0440642900221	131
X00.CGTCACTTCCAAATGC.1	5.45986347774314	1.02667002427698	21
X00.CGTCCATAGTCATCCA.1	19.601313849931	4.99504760811966	30
X00.CGTCCATTCCATGCTC.1	0.215509481172727	-1.75773166971176	51
X00.CGTCTACGTTTCCACC.1	-5.33132181703875	-12.8798211745943	40
X00.CGTGTAAAGATCTGAA.1	-10.0213292131782	-8.71232682334975	126
X00.CGTGTAAGTCATTAGC.1	-11.285039431742	-6.29437034502078	111
X00.CGTGTCTAGCACAGGT.1	-8.27858593347437	-10.4673980020001	18
X00.CGTGTCTCAGATCCAT.1	-8.58484508895015	-10.6784030162968	18
X00.CGTTAGAAGTGCAAGC.1	5.70412180960618	-5.07263111349477	136
X00.CGTTGGGCATTGTGCA.1	0.851935036525228	-4.16545065661693	114
X00.CGTTGGGGTGTGCCTG.1	-3.20099256930096	-17.682667771329	84
X00.CGTTGGGTCTCACATT.1	-5.07229818035978	-0.229320022751361	69
X00.CGTTGGGTCTGCTTGC.1	6.17714087530968	-4.10134664603774	17
X00.CTAACTTGTGCGGTAA.1	-12.6332291185883	-8.95684544371238	38
X00.CTAAGACAGCGATCCC.1	5.3430674641776	-2.76582089267165	17
X00.CTACACCCAAACGTGG.1	-0.858900107847991	-1.89904099422077	65
X00.CTACACCCAGCGTTCG.1	5.55701847011556	-3.08286871583036	17
X00.CTACACCCATTACGAC.1	-2.69525467689901	-2.60327508234918	145
X00.CTACATTAGAATTCCC.1	13.5370158820736	-8.18298383182023	14
X00.CTACATTTCGGGAGTA.1	18.8677101683445	4.83263623505098	30
X00.CTACCCAAGTGTACCT.1	-5.5270248712495	-10.9387202737653	39
X00.CTACCCATCCCAAGTA.1	12.583316208894	-0.96673030100282	13
X00.CTAGAGTCATCTCCCA.1	10.7625175238752	2.83149779625411	52
X00.CTAGAGTGTTTGTTTC.1	0.67156317612423	-11.4620989063711	147
X00.CTAGCCTCAGACACTT.1	-2.5526939914712	-8.47764236274372	66
X00.CTAGCCTGTGAGGGAG.1	5.06642030070345	-6.97727712216727	136
X00.CTAGTGATCGCCTGTT.1	0.0206761784482708	-13.5185039400293	144
X00.CTCAGAATCTTTAGGG.1	13.668835527721	-6.44627663268006	29
X00.CTCCTAGGTCAGCTAT.1	18.5912967770807	3.08458158167258	20
X00.CTCCTAGGTTGATTGC.1	7.31414352351878	1.98766144066856	37
X00.CTCGAAAAGATCCGAG.1	10.2618918132012	0.740395791321743	48
X00.CTCGAGGAGATCCCGC.1	-6.65132715053177	-6.89592883757653	70
X00.CTCGGAGCAGGGCATA.1	3.12466285135685	-2.07808769125832	51
X00.CTCGGAGCATTTCAGG.1	-5.64270081768061	-11.4963193269627	39
X00.CTCGGAGTCGTGGTCG.1	-8.10397743374855	-6.75141192962337	24
X00.CTCGTACTCATGCATG.1	3.7769134487344	-5.06239529449541	23
X00.CTCGTACTCCTACAGA.1	-6.17211224619911	-3.07241010369719	150
X00.CTCGTACTCTGTCAAG.1	-6.5218781878537	-14.6401793275646	60
X00.CTCGTCAAGTGTCCAT.1	-4.54260448631271	-14.743535284875	40
X00.CTCGTCAGTTCGCGAC.1	4.1532954614491	-3.03986958283406	17
X00.CTCGTCATCCACTGGG.1	-5.71531392960875	-1.4416330546564	69
X00.CTCTAATCAATGACCT.1	-0.436650513592224	3.49574954602057	130
X00.CTCTAATCACCCATTC.1	-4.00132787961266	-4.98271267650719	145
X00.CTCTAATTCTGCAAGT.1	-10.1714259848965	-11.8748556078326	18
X00.CTCTAATTCTGCGTAA.1	8.23608388701616	0.885320403544731	48
X00.CTCTACGCATGACATC.1	4.83777950169822	-1.91588511887054	41
X00.CTCTGGTAGGTAAACT.1	-6.52564048303812	-3.14034198160102	150
X00.CTGAAACAGATTACCC.1	3.06478220244534	-4.30256147426988	51
X00.CTGAAACGTTCAGCGC.1	-4.11985508492516	-4.83226382297463	145
X00.CTGAAGTGTACGCACC.1	3.78796115755891	-8.98808098449291	2
X00.CTGAAGTTCAATCTCT.1	4.23698508259386	-6.77081915085677	136
X00.CTGATAGAGCTCCTCT.1	-9.77872974703813	-11.4947521681689	18
X00.CTGATAGGTCCTGCTT.1	19.2157285860928	5.03292111031124	30
X00.CTGATCCCAGCATGAG.1	-5.42139253262753	-9.69102624096631	39
X00.CTGCGGAGTTCAACCA.1	1.84109207546863	-7.89146689868412	44
X00.CTGCTGTCAAATACAG.1	4.39744070651816	-5.46263172514394	23
X00.CTGCTGTTCGATGAGG.1	7.48579973080266	1.49538949663772	37
X00.CTGTGCTTCACTGGGC.1	-12.9840455281912	-8.8842216796673	38
X00.CTGTGCTTCGAGCCCA.1	-7.16558431576288	-9.83552709536989	39
X00.CTGTTTAGTGGGTCAA.1	15.2586973212665	3.25447872507863	7
X00.CTGTTTATCACGGTTA.1	-12.4894346590338	-8.06888396223828	38
X00.CTGTTTATCCCTGACT.1	19.2082552134178	4.57095060174581	30
X00.CTTAACTAGTACGTTC.1	22.036737305053	3.35192297485323	73
X00.CTTACCGCACACATGT.1	-1.96813413927591	-9.43258232771824	66
X00.CTTACCGCATTACCTT.1	-1.73645488838449	-4.00495196855468	16
X00.CTTACCGTCATCGCTC.1	4.66960215692134	-0.840755982517382	41
X00.CTTACCGTCTCGAGTA.1	0.0773952486484007	-9.93864297442177	50
X00.CTTCTCTGTAGAAGGA.1	1.75028054832958	-2.08600886077896	51
X00.CTTGGCTCATCGATTG.1	-12.9137937451695	-10.4046560713643	61
X00.CTTGGCTGTTCACGGC.1	20.3815738189224	5.76875835992296	30
X00.CTTTGCGGTCAAAGAT.1	-11.4192770179	-3.08562718824211	100
X00.GAAATGACAGATCTGT.1	7.10296326685154	-2.16802339906529	27
X00.GAACCTAGTACCAGTT.1	20.3467614856877	3.88496134831688	20
X00.GAACCTATCATCATTC.1	-3.28729768286019	-6.60344019490442	103
X00.GAAGCAGCAAGAAGAG.1	-2.30902053374922	-4.09087347607155	16
X00.GAAGCAGCACAGGAGT.1	19.9086086275786	5.79617544618905	30
X00.GAAGCAGGTAGGCTGA.1	3.18933334995622	-4.8191119022734	23
X00.GAAGCAGGTCATGCAT.1	-5.02064143495177	-3.83155400717195	150
X00.GAAGCAGTCTAACTCT.1	10.7883035320431	1.28210751342631	48
X00.GAATAAGAGACGCAAC.1	1.87837902434233	-3.48643836455065	51
X00.GAATAAGCACAGGTTT.1	-0.670815616661838	-2.5496986765993	65
X00.GAATAAGTCGCTTGTC.1	-2.13268172675502	-9.92776006978519	66
X00.GAATGAATCTGCTGTC.1	-0.561979338754889	-2.9200173528017	65
X00.GACCAATCATTCCTCG.1	12.4161178131857	-0.897045158410719	13
X00.GACCTGGCAACGATCT.1	-9.39111953400096	-6.7435788072592	126
X00.GACCTGGGTGAACCTT.1	-5.61533724814757	-10.7997616652423	39
X00.GACGGCTAGAGTACCG.1	6.71761249820709	-1.54760226029892	27
X00.GACGGCTAGTGGTAAT.1	-11.4966151127309	-4.20493897346362	100
X00.GACGGCTTCCTCCTAG.1	0.577265282971446	-5.06342423852432	114
X00.GACGTTACACAGATTC.1	-5.66876474526126	-1.44887229441479	69
X00.GACTACAGTTCCCGAG.1	8.97786654245948	-1.43185765501531	47
X00.GACTACATCCGAAGAG.1	-6.05841535645205	-7.9956871080484	39
X00.GACTGCGTCTTGTTTG.1	9.03581970305304	2.55507811966377	48
X00.GAGTCCGAGCATGGCA.1	11.5957729533186	-6.77011429918292	29
X00.GAGTCCGCACATAACC.1	17.6331785256346	3.72576315091556	83
X00.GAGTCCGGTTGGTTTG.1	5.52964987081434	-2.75890597221125	17
X00.GATCAGTAGCAGGCTA.1	9.27434344480684	-1.6179771338758	47
X00.GATCAGTTCCTCAATT.1	-11.8132736587477	-9.90705345414558	61
X00.GATCGCGAGACAATAC.1	-4.2490785029116	-7.53781416573732	146
X00.GATCGCGCACGACTCG.1	-4.83051798261693	-7.46602334990795	146
X00.GATCGCGTCCTAGTGA.1	-6.15733832893122	-6.34219159722786	70
X00.GATCGTACAACACCTA.1	-14.5558394757855	-8.76832242951551	148
X00.GATCTAGTCCTAGAAC.1	11.6097865296425	-0.32985449074112	13
X00.GATGAAACAAGTACCT.1	-0.977714444450063	6.30363191826646	79
X00.GATGAGGTCCGCGTTT.1	6.42863891395226	-6.30072001195998	136
X00.GATGCTAAGATCCCAT.1	-0.111202557229093	-6.61956265061835	16
X00.GATGCTAAGCGTCAAG.1	14.8668172668112	-6.56366681580678	1
X00.GATGCTACACCAGGCT.1	-0.757747309953526	-7.48385103281513	66
X00.GATGCTATCTTGACGA.1	6.78888675867619	-4.26085361914912	67
X00.GCAAACTTCCTAGGGC.1	-10.5150194405116	-10.0144629909794	61
X00.GCAATCAAGTGGTAGC.1	-3.42601477531007	-7.91322061576223	146
X00.GCAATCAGTTCCGTCT.1	-12.8771128415916	-9.04431906127895	38
X00.GCACATACACACTGCG.1	-5.6339662708774	-9.02197196152166	39
X00.GCAGTTAAGGTGCACA.1	1.9162966971552	-17.1405145415883	149
X00.GCATGCGAGTGCCATT.1	-6.15481903386032	-2.93504711060859	150
X00.GCATGCGTCTCTGTCG.1	5.64149793129766	-2.47837877740969	17
X00.GCATGCGTCTTCTGGC.1	6.11828074890371	-3.52171593722059	17
X00.GCCAAATTCGAACTGT.1	-0.620231178030527	-8.49613090395338	50
X00.GCGAGAAAGAAGGACA.1	-0.281250099832225	-5.97890153520609	16
X00.GCGCAACAGAAGGGTA.1	-2.63311644412929	-7.52565014464885	66
X00.GCGCAACCAATGACCT.1	-4.45384080943012	-5.99058012281984	70
X00.GCGCAGTCAATACGCT.1	4.13496530517798	0.284810569205463	21
X00.GCGCCAATCTGATACG.1	-2.3488052972539	-7.64150293417532	66
X00.GCGCGATAGGGATGGG.1	-2.25355873306988	0.374139709350144	99
X00.GCGGGTTCAACACGCC.1	-12.3716751765078	-7.93818187601888	38
X00.GCGGGTTTCACATAGC.1	-2.1225013521568	-0.52475380424933	33
X00.GCTCCTACATTGAGCT.1	-11.9370659101542	-5.34679260509792	111
X00.GCTCCTAGTTACGGAG.1	-5.90360383117021	-4.14661908249123	150
X00.GCTCCTATCACTTACT.1	3.83170799953639	-9.36791536429831	2
X00.GCTGCAGCACCATCCT.1	3.26530352937365	-7.11430245655162	2
X00.GCTGCAGCACCTGGTG.1	-1.65027082914159	-6.81226847996885	103
X00.GCTGCGACAGTCGTGC.1	-11.7150968475774	-12.0401941730005	61
X00.GCTGCTTCAACTGGCC.1	-4.07360428243511	-12.8067430447739	40
X00.GCTGCTTGTGTTCGAT.1	10.9074482868426	-2.74075664167374	47
X00.GCTGCTTTCCACTCCA.1	-9.22655324897939	-5.40809628675843	126
X00.GCTGGGTAGCTCAACT.1	13.4159392245815	0.807480361553941	3
X00.GCTGGGTAGGCCCTCA.1	-5.58048894720782	-16.5137300799459	4
X00.GCTGGGTTCTCGCATC.1	-3.42735844623472	-4.51230257082502	145
X00.GCTTCCAAGCTGTCTA.1	-4.80883349189389	-8.82418125161483	39
X00.GCTTCCATCAAGGCTT.1	-4.04240226435589	-6.78852938103223	146
X00.GCTTGAATCATTATCC.1	4.17648339154621	-5.86139245381613	23
X00.GGAACTTTCATAGCAC.1	6.30486178987926	-5.16773413663327	136
X00.GGAACTTTCTCTGTCG.1	21.9992683950939	3.36184033788624	73
X00.GGAATAATCGATGAGG.1	-5.34438448556686	-1.04921498070545	69
X00.GGACAGAAGACCTTTG.1	-6.45204264830409	-8.97963833092723	39
X00.GGACAGATCGTCCAGG.1	-8.44012633093613	-10.7869509200211	18
X00.GGACAGATCTGACCTC.1	1.15562781765152	-9.66078354365262	25
X00.GGACATTCATGACATC.1	10.7151164377767	-4.0835951412085	15
X00.GGACATTGTGTTAAGA.1	-9.41246070715566	-14.9290601457341	68
X00.GGATTACCATGAAGTA.1	-6.49945006012818	-3.91326885208678	150
X00.GGATTACGTCATTAGC.1	-6.1112484803406	-6.04546499888871	70
X00.GGATTACTCACATAGC.1	-9.07411404558497	-9.19325731006111	5
X00.GGCAATTTCTTATCTG.1	12.7968794041808	-4.6576812356937	6
X00.GGCCGATAGGGAAACA.1	18.2363032591173	4.32166208966889	30
X00.GGCCGATCACTTAACG.1	14.2553122185828	2.13299670505578	7
X00.GGCTCGAAGGCCGAAT.1	6.62388593440668	-2.536958908569	27
X00.GGCTCGACAGCCTGTG.1	2.3958700248391	-7.30202781808576	44
X00.GGCTGGTAGAGGTTAT.1	-3.66716629965538	-7.78061844833223	146
X00.GGCTGGTCATACTCTT.1	3.6922600959772	-5.39854398197642	23
X00.GGCTGGTCATCCCATC.1	6.02053623226722	-4.22203160457109	17
X00.GGGAATGGTAAGTGTA.1	-13.4284377618147	-5.1759730595811	8
X00.GGGAATGTCTCTGCTG.1	3.19184022878058	-5.24260235835942	23
X00.GGGACCTCACGTGAGA.1	18.6718771786339	4.75291545481302	30
X00.GGGACCTGTACAGACG.1	-9.44305669699805	-5.52575514018246	126
X00.GGGACCTGTACTTAGC.1	7.21304748362708	-2.88828992188174	27
X00.GGGACCTTCGCCGTGA.1	6.46610403858255	-5.52812336630923	136
X00.GGGATGATCCTTAATC.1	0.194443837982366	-16.2135772730105	149
X00.GGGCATCAGTGAACAT.1	10.6536726167704	-8.62862768551397	9
X00.GGGTCTGTCTAACTCT.1	1.81657067870013	5.87855208182799	10
X00.GGTATTGCATTGAGCT.1	-9.90156250174084	-8.79672746336763	126
X00.GGTATTGGTCCTCTTG.1	4.58617711816722	-7.03183082455623	136
X00.GGTATTGTCGTAGGTT.1	-8.96729475514624	-2.42864974964662	120
X00.GGTGAAGGTCCGACGT.1	1.80588111797143	-5.20969519363724	114
X00.GGTGAAGTCGGCATCG.1	-7.51129001571713	-12.2351975993525	57
X00.GGTGAAGTCTCCTATA.1	8.95383941982305	-1.28076481093729	47
X00.GGTGCGTGTCTCCCTA.1	8.92178598899576	-11.7808282040828	11
X00.GGTGCGTGTGCGATAG.1	20.3656187903259	2.9991638209698	20
X00.GGTGTTAGTCCGAACC.1	-6.94159807089494	-4.23616993271277	150
X00.GTAACTGGTGACGGTA.1	13.819394308645	-5.60048015367234	29
X00.GTACTCCAGAGGACGG.1	6.12268283959629	-7.36954048910493	32
X00.GTACTTTAGACTTTCG.1	18.8165604774263	5.49362712825154	30
X00.GTAGGCCAGACCTTTG.1	3.75130123402069	-16.5564517212019	12
X00.GTAGGCCGTTATCCGA.1	1.00731849866845	-3.31272861886092	51
X00.GTAGGCCTCAGCTCGG.1	13.2704543247046	-5.55036280028876	29
X00.GTAGTCATCAAACGGG.1	13.8588127759229	-6.17731257588241	29
X00.GTATCTTCACCAACCG.1	12.0454531737909	0.452938669632307	13
X00.GTATCTTCATTCACTT.1	6.59517535782852	-3.75180404736069	17
X00.GTATCTTTCCAAACTG.1	8.41498251510481	0.900982813613627	48
X00.GTATTCTAGAGTGAGA.1	13.5740151319046	-9.38961447868691	14
X00.GTCAAGTGTAATAGCA.1	4.8344654637502	-8.32978134674813	2
X00.GTCAAGTGTTGTCTTT.1	11.5033522339006	2.35599266586504	52
X00.GTCAAGTTCGAACTGT.1	-0.98669846851545	0.379972701398795	26
X00.GTCACAAAGCTAGTGG.1	-9.44476636805215	-7.08162052716617	126
X00.GTCACAACAAGACACG.1	-0.262326203275437	-8.62365071535819	50
X00.GTCACAACATAGAAAC.1	2.07112232783522	-7.40891148969114	44
X00.GTCACGGGTAATCGTC.1	-3.08522961422513	-11.6549100214306	131
X00.GTCATTTAGTTCGATC.1	1.29056428777441	-0.264859026709335	26
X00.GTCATTTCATCACCCT.1	-10.4185146343621	-12.3491369901582	18
X00.GTCATTTGTCAGAGGT.1	19.9217639793138	3.58012820458402	20
X00.GTCCTCAGTAGCGTAG.1	-2.44605950377758	-13.3812361992182	94
X00.GTCCTCAGTTTACTCT.1	-3.01234973187338	-10.4891044901313	131
X00.GTCGTAAAGTTACGGG.1	8.23595681083633	-1.8005419704651	88
X00.GTCGTAACATCAGTAC.1	-2.50836125510632	-12.5766170618611	94
X00.GTCTCGTAGAGTGACC.1	1.33090186664682	-8.78654230877417	50
X00.GTGCAGCGTCACAAGG.1	19.3157082406546	4.53561551083421	30
X00.GTGCATATCGAATCCA.1	-3.30169576711057	-8.70154700150062	66
X00.GTGCATATCTGGCGTG.1	-5.63238136509191	-6.58148359137664	70
X00.GTGCGGTAGCAGGCTA.1	8.74917072127577	-1.00294387941149	47
X00.GTGCGGTCACATCCGG.1	20.5125159820515	3.09239611186993	20
X00.GTGCTTCAGCGTGAAC.1	10.4778965947925	-5.54592946159916	15
X00.GTGCTTCAGGCATTGG.1	-2.3921061084286	-7.68389603505876	66
X00.GTGCTTCTCTGGTTCC.1	22.3818537814985	3.26700849228974	73
X00.GTGGGTCAGGCCATAG.1	-3.03452349773408	-7.58460108361578	66
X00.GTGGGTCCACTTAAGC.1	5.76223998790286	-3.86418298216107	17
X00.GTGTGCGCAATGCCAT.1	-2.35743272061964	-0.627201594596996	33
X00.GTGTTAGGTGAGCGAT.1	-9.45116078702281	-12.7620003760179	18
X00.GTTAAGCCAGGAATCG.1	-1.53750028541528	-3.14864557993205	65
X00.GTTAAGCCAGGATTGG.1	-4.06869785636836	-7.05498593735431	146
X00.GTTAAGCGTTAGGGTG.1	-1.16756187017166	-3.37623028854585	65
X00.GTTACAGTCCTTGACC.1	-8.75103395906474	-9.69217352366104	5
X00.GTTCATTAGTGTTAGA.1	19.1488548448235	5.48634323441197	30
X00.GTTCATTGTTGCGTTA.1	2.44153829864897	1.79266983171978	19
X00.GTTCATTTCGGCATCG.1	-9.46281662650104	-2.93843745887845	120
X00.GTTCGGGAGACAGGCT.1	13.6133909628151	1.55442160466017	3
X00.GTTCTCGCAGTTAACC.1	-1.32676635529829	-5.43980045650539	16
X00.GTTTCTAAGTCTTGCA.1	20.3227066378601	3.47625174572767	20
X00.TAAACCGAGCCGATTT.1	7.62452458528836	0.643644315699324	37
X00.TAAACCGTCCACTGGG.1	-1.68666272553574	-16.9077128900856	84
X00.TAAGAGACATCCGCGA.1	7.22921666095345	-2.81085453354201	27
X00.TAAGAGAGTGAACCTT.1	-0.117272080797062	-9.77281853889643	50
X00.TAAGCGTAGCTCCTTC.1	-9.24681065007454	-6.64678801338655	126
X00.TAAGCGTCACGACGAA.1	-12.310897597396	-4.62200302070761	111
X00.TAAGCGTTCTGCAAGT.1	18.1976405157721	5.32246805209099	30
X00.TAAGTGCCATTGGCGC.1	-0.14941681602637	-8.61507838412275	50
X00.TACACGATCATCTGCC.1	-0.105603750459981	-3.93084955928916	65
X00.TACAGTGCATCGATTG.1	-1.44796736892199	-8.3148625309494	66
X00.TACCTATGTTACTGAC.1	-4.10437872751245	-9.58505070998133	39
X00.TACCTTACAATGCCAT.1	8.4045205890379	1.23827559076186	48
X00.TACCTTATCAATCTCT.1	6.54052414968555	-10.7647682299242	49
X00.TACGGATAGAACAATC.1	-0.668687598672357	-11.5114413231505	147
X00.TACGGATAGGTAGCCA.1	13.5953774946614	1.59264536377675	3
X00.TACTCATAGGCTACGA.1	3.70213410853023	-5.79793313467593	23
X00.TACTCATTCTCTAGGA.1	2.49663894831263	-2.76966300950566	51
X00.TACTCGCTCCGCATCT.1	19.4315504483351	4.42167189675241	30
X00.TACTTGTCATCCCATC.1	8.04948999897705	-0.757906565516926	88
X00.TAGACCATCTCTTGAT.1	2.56405969913324	-9.22799014530933	2
X00.TAGAGCTCAATCGGTT.1	-6.73315898575551	-1.73954067990259	22
X00.TAGTGGTAGATGTAAC.1	9.14151381392251	1.49033128645011	48
X00.TAGTGGTGTCCGAATT.1	18.2418753721998	3.83273472047446	30
X00.TAGTGGTTCGTTACAG.1	21.2884197849763	5.574177600307	73
X00.TAGTTGGCAAGCGCTC.1	5.9213428642219	-2.33767602283839	17
X00.TATCAGGTCAGTCCCT.1	19.5774160022324	5.12050622991003	30
X00.TATCAGGTCCTCCTAG.1	-5.25373813713705	-8.7056058148975	39
X00.TATCTCAAGTTATCGC.1	3.49514764617554	-5.83798943578992	23
X00.TATCTCAGTGTGAAAT.1	11.2760268945605	-3.00039093515703	47
X00.TCAGCTCCAGTGAGTG.1	-9.22037133680426	-2.74648069518883	120
X00.TCAGCTCGTGAAATCA.1	1.53627215722109	-4.92109102594642	114
X00.TCAGGATCAACACCTA.1	19.6081137263854	4.95147320436397	30
X00.TCATTACAGGTGGGTT.1	-1.30531562706382	-6.93820214510594	103
X00.TCATTACCATTACCTT.1	10.5497450249705	-3.73247539620339	15
X00.TCATTTGAGAATCTCC.1	-6.90717739854748	-7.69152014968622	24
X00.TCATTTGCACATCCAA.1	-2.82615451830271	-5.80214386855499	103
X00.TCCACACAGCCACGTC.1	19.930340298455	4.84757708441566	30
X00.TCCACACCATCCGGGT.1	1.54956341437161	-10.5758444415983	25
X00.TCCCGATCACGAAAGC.1	-3.84508936474093	-15.9537114324482	4
X00.TCGAGGCAGGAGTACC.1	-9.50416325634857	-6.69103468638442	126
X00.TCGCGAGCAAAGGCGT.1	1.30841190751249	-1.67577046911495	51
X00.TCGCGTTCAAGTTGTC.1	4.70499445859329	-4.72380053983969	17
X00.TCGTACCAGCAATCTC.1	4.51689343226706	-6.50001707628712	136
X00.TCGTAGAAGAACTGTA.1	-7.55920608674947	-12.1975927326264	57
X00.TCGTAGAGTACTTCTT.1	-4.7413139956706	-10.5634920021379	39
X00.TCTATTGGTGGGTCAA.1	-0.803638535252114	-14.3416380300626	144
X00.TCTATTGTCGAGGTAG.1	6.03067920546326	-1.7561971851603	27
X00.TCTCATAAGCCCAGCT.1	-0.029611548184408	-4.10114511022435	65
X00.TCTCTAACATTCTTAC.1	0.904693414184139	-5.73488111321972	16
X00.TCTGGAACATATGCTG.1	-4.86286757503315	-4.77527514075314	150
X00.TCTTCGGCAAGGACTG.1	20.1956750916951	2.76815466550091	20
X00.TCTTTCCCACATGGGA.1	11.1855657501607	-5.64050025363793	15
X00.TCTTTCCTCAGGCAAG.1	0.83065350263018	-0.297624344693582	26
X00.TGACAACAGCGATCCC.1	-12.7612398303971	-10.4114156868442	61
X00.TGACAACGTCAAAGAT.1	19.9054727551807	4.83178836083673	30
X00.TGACGGCGTCTCACCT.1	-3.50377639341944	-2.93503536099988	145
X00.TGACGGCGTGGTGTAG.1	0.304285798435335	-0.203984202771005	26
X00.TGACTAGGTTTAGCTG.1	2.66868441112482	-10.5072126966971	25
X00.TGACTAGTCGTACGGC.1	-3.50355344618433	-4.36815411174159	145
X00.TGAGAGGTCATTTGGG.1	21.4839414433422	4.53506615989414	73
X00.TGAGCATAGGCAATTA.1	1.53883423567608	-6.46426350162358	44
X00.TGAGCATCATCGTCGG.1	12.7231466667392	-5.56689094174953	29
X00.TGAGCATTCAGTTAGC.1	1.2304857953522	-10.115174702056	25
X00.TGAGCATTCCTAGTGA.1	6.41387544605913	-2.93348828051903	27
X00.TGAGCCGAGCACCGCT.1	6.40010093481064	-0.744474920669879	27
X00.TGAGCCGAGCAGACTG.1	-9.83974302515968	-9.07755734175124	126
X00.TGAGGGATCAAGATCC.1	-5.09619098461554	-4.35123534643191	150
X00.TGATTTCGTACTCGCG.1	0.0776739167070074	-3.81098172060397	65
X00.TGATTTCGTCGAGATG.1	-0.528330211986933	3.45876143266968	130
X00.TGCACCTAGTGCGATG.1	3.33738900594769	-3.67417155270052	51
X00.TGCACCTGTAGCAAAT.1	-1.3366133186544	-8.01545423672002	66
X00.TGCCCATAGAAGATTC.1	8.11816622459619	-2.98460168387911	47
X00.TGCCCATTCACATGCA.1	8.92064779665783	-3.89807966501255	15
X00.TGCCCTAAGCTGCCCA.1	0.9960836113301	-9.6302581252037	25
X00.TGCCCTACAAAGAATC.1	-0.0662709025142232	-5.13390377666102	16
X00.TGCGCAGAGCTATGCT.1	5.64575315685668	-4.50131061086579	17
X00.TGCGCAGCAGTATCTG.1	8.48283985807524	1.00447044329759	48
X00.TGCGCAGGTACGACCC.1	-3.76289827223367	-5.79681122315572	103
X00.TGCGGGTAGAGTCGGT.1	5.46951595923297	-6.23695445862048	136
X00.TGCTACCAGCCTTGAT.1	11.8929193286986	-6.45008281060495	29
X00.TGCTACCCACCAGCAC.1	-4.33797269820388	-8.14475088710814	146
X00.TGGCCAGAGAAGCCCA.1	8.34985556700876	-1.77060847997482	88
X00.TGGCGCACACTTCTGC.1	9.48766804079721	0.193693437791001	48
X00.TGGGAAGCACAGCGTC.1	3.02763329161162	-2.70091716226064	51
X00.TGGGCGTGTAGGGACT.1	10.3866044693773	2.46179289088924	52
X00.TGGGCGTTCCTTGCCA.1	12.1544996069907	-5.88949246612679	29
X00.TGGTTAGCAGGATCGA.1	-5.82606794840025	-8.1736347710347	39
X00.TGGTTAGTCATAAAGG.1	14.2350821289454	-5.11652187039755	137
X00.TGGTTCCCAGTATAAG.1	20.2395163658779	3.80703528213808	20
X00.TGTATTCCAACTTGAC.1	11.7575951623789	-0.323757833279356	13
X00.TGTCCCATCGACCAGC.1	8.98358668831887	-0.256230142823934	88
X00.TGTCCCATCTGCCCTA.1	4.47727417550452	-4.84601568280629	17
X00.TGTGGTAAGCAACGGT.1	3.30973953205894	-2.70977230303399	51
X00.TGTGGTAGTAACGCGA.1	-2.18175370519945	-4.06867676092663	16
X00.TGTGTTTTCTGAGTGT.1	-8.45256652056455	-4.55225491088682	46
X00.TGTTCCGAGACTGGGT.1	3.42474745678001	-4.6941556857605	23
X00.TGTTCCGCACCAGTTA.1	13.5087001011226	-1.25549304376947	28
X00.TGTTCCGGTTCGGGCT.1	21.0079206989373	4.80922008732117	73
X00.TTAACTCCACAGATTC.1	12.4298498947592	-6.65803272124405	29
X00.TTAACTCTCACAGTAC.1	-8.25701701692646	-2.18568109352164	22
X00.TTAACTCTCATGTGGT.1	2.0931905706375	-2.12232836527953	51
X00.TTAGGCAGTAGCGTGA.1	-1.53074539059959	-13.396947003003	94
X00.TTAGGCATCGGACAAG.1	-13.8978139895426	-12.9962885395583	85
X00.TTAGTTCGTCCCTTGT.1	-4.20017961695756	-1.641224336477	69
X00.TTATGCTCAGGGAGAG.1	4.11804425119651	-1.93440229441138	41
X00.TTCGAAGAGGCTCAGA.1	-2.84463221126903	-8.51329674258017	66
X00.TTCTACAAGGGCACTA.1	12.0707899931291	-5.81819720531428	29
X00.TTCTACAGTATAGGTA.1	18.1863826979379	5.42463365291971	30
X00.TTCTACAGTGCTGTAT.1	4.97333556728113	-3.53358294025803	17
X00.TTCTTAGAGGCAAAGA.1	9.03465377620713	-1.09431949728945	47
X00.TTCTTAGCAAGCGCTC.1	-2.08552792200776	-5.11611802419212	16
X00.TTGACTTAGAAGGGTA.1	-1.12441753722393	-10.1698264694139	50
X00.TTGACTTAGATATACG.1	-2.0947317347236	-5.07616334066319	16
X00.TTGGCAAAGCGATAGC.1	9.60264025831489	-0.855792613989013	47
X00.TTGTAGGAGGAATTAC.1	6.79838514660614	-4.44702213307751	67
X00.TTGTAGGAGGATGCGT.1	9.66252288316826	-0.213136441227983	48
X00.TTGTAGGTCGGTGTTA.1	9.11543861895273	-4.29974198170718	15
X00.TTTACTGAGGGATACC.1	-12.1800063178019	-7.47723858047808	38
X00.TTTACTGGTCAGAATA.1	5.1526275625173	-5.83680410981062	136
X00.TTTATGCGTGACAAAT.1	10.0197741019037	-2.03796040023884	47
X00.TTTCCTCAGCTCCTTC.1	12.6435903946689	-6.49825726635912	29
X00.TTTGCGCAGCGCTTAT.1	18.876372368171	4.82278476408971	30
X00.TTTGCGCTCTGCCAGG.1	12.6134048943362	-6.75790510962934	29
X00.TTTGGTTCACGAAATA.1	-9.34600513501905	-12.6426384772523	18
X00.TTTGTCACACTAGTAC.1	9.18575199813951	0.952499953509804	48
X65.AAAGTAGGTTGAGTTC.1	-10.4268442759454	-7.32680130260496	126
X65.AAAGTAGTCATTGCGA.1	-8.20523698815797	-14.1788988237919	60
X65.AAATGCCAGATGAGAG.1	-1.72512264443051	-13.5692905994777	94
X65.AAATGCCTCTGTGCAA.1	-9.8655853598342	-12.9601839842418	18
X65.AACCATGTCGTAGGTT.1	5.21792121601326	-8.13053227785428	2
X65.AACCGCGAGACGCAAC.1	8.78745346158804	-8.1065359871179	32
X65.AACGTTGGTCAGAGGT.1	1.40226284446318	-9.69615225737225	25
X65.AACTCAGCACAGGAGT.1	8.06192321239415	1.75672485450186	48
X65.AACTCAGCACCTTGTC.1	-8.31692203989171	-14.0424109860395	60
X65.AACTCCCAGGTGCTTT.1	0.0730958309366599	-0.172649478447656	26
X65.AACTCTTAGTGAAGTT.1	-1.35111883412812	-0.895837223798414	33
X65.AACTTTCTCCGCGTTT.1	6.00107922084858	-0.761520733523714	27
X65.AAGACCTAGACCTAGG.1	-4.93843034228538	-8.74225788254057	39
X65.AAGCCGCAGAAGGGTA.1	-10.1414275551562	-4.50085361244074	35
X65.AAGGAGCAGAGCTTCT.1	-0.525447912860439	-0.861050453655395	33
X65.AAGGAGCCACAAGACG.1	4.4233877717696	-13.1326917904475	36
X65.AAGGAGCCATTACCTT.1	15.5586466520521	2.14403831348327	7
X65.AAGGAGCTCGTTGACA.1	13.6857838527776	-8.11959642923132	14
X65.AAGGTTCCACGTGAGA.1	-9.49384299264607	-15.4704681177398	68
X65.AAGGTTCCATCTCCCA.1	4.79107535837337	2.02551839343651	21
X65.AAGTCTGGTGAGGGAG.1	6.89478094227204	5.40467989347718	43
X65.AATCCAGAGACTACAA.1	20.2837137353865	2.82701423095644	20
X65.AATCGGTGTCAAACTC.1	6.94172700800298	-8.66638599393072	32
X65.AATCGGTTCGTTTAGG.1	3.20615532699546	-8.35396847582684	2
X65.ACACCCTCACGAAGCA.1	10.2657039682926	-0.26640241657363	48
X65.ACACTGATCGATGAGG.1	-0.338477931730204	-1.08477096283876	33
X65.ACAGCCGCAGTAAGCG.1	8.55502394419582	1.96550067542511	48
X65.ACAGCCGTCCAGTAGT.1	4.91171495313649	-11.9665336773535	36
X65.ACAGCTATCTCCGGTT.1	19.5724485106272	5.87209325708745	30
X65.ACATGGTGTGTGCCTG.1	-0.632872551124045	4.07092740202107	130
X65.ACCAGTACACAAGTAA.1	5.71226070913656	-8.97980535916909	32
X65.ACCTTTACATGCAATC.1	13.6228517111692	-6.34980235930036	29
X65.ACGAGCCGTGTGGTTT.1	5.75372865595751	2.54191337484724	34
X65.ACGAGGAAGAGCTGCA.1	5.63101295572085	2.61510830035125	34
X65.ACGATACAGCTAGTGG.1	-10.3025114138862	-4.59870400026066	35
X65.ACGCCAGAGTGGAGTC.1	8.27116355011321	-4.9578736287403	67
X65.ACGGAGACATCGGAAG.1	4.51256467572031	-12.6410763184713	36
X65.ACGTCAAGTGAAATCA.1	-5.6125723544869	-11.5888223121896	39
X65.ACTATCTAGGCTCTTA.1	6.56730030746548	1.58151916334908	37
X65.ACTATCTTCGAATGGG.1	1.36592043674255	-11.4740358124691	147
X65.ACTATCTTCGCGATCG.1	-3.36513875021106	-4.35059640585785	145
X65.ACTGCTCGTTCTGAAC.1	21.3930932264661	4.5928419955137	73
X65.ACTTACTCACATTAGC.1	0.891648734081661	-11.4014545593162	147
X65.ACTTACTGTAACGCGA.1	13.958866352334	-8.66336376510109	14
X65.ACTTTCAAGCTCTCGG.1	11.1615646730604	-1.57075274985551	47
X65.AGACGTTAGTCTCGGC.1	-11.1205913643227	-3.36857266391901	100
X65.AGAGCGATCTGAAAGA.1	1.53137006156607	-12.2392422901374	58
X65.AGAGCTTGTGTGTGCC.1	14.0658265264042	-6.00539786610937	29
X65.AGATCTGAGACAGACC.1	-12.9460195545681	-7.40522366366258	38
X65.AGATCTGGTGAAAGAG.1	-4.10394197173878	-11.3797376565133	39
X65.AGATTGCCAGAGTGTG.1	-8.87488463904752	-3.88953593948661	46
X65.AGATTGCGTGCTGTAT.1	3.41513212240075	-10.7955356224716	25
X65.AGCATACGTTCCGGCA.1	-5.2929268841714	-9.52896923845658	39
X65.AGCCTAACACTAGTAC.1	-4.52775383544823	-11.2482386397218	39
X65.AGCCTAAGTAATAGCA.1	13.9986305716432	3.12157549656581	7
X65.AGCGGTCTCCTTTCTC.1	-0.55351002302067	-14.9945242304905	144
X65.AGCTCTCCAAGCCCAC.1	6.87241787774249	-7.58919563689932	32
X65.AGCTTGAAGATGGCGT.1	-5.70242430426449	-12.821195607608	40
X65.AGCTTGAGTAGCGTAG.1	2.06233676021546	3.36573363076627	59
X65.AGCTTGATCCTTGCCA.1	13.3698006711076	-8.46069679865345	14
X65.AGGCCACAGCCATCGC.1	2.60469999026751	-6.49590552173754	23
X65.AGGTCATCATCACGAT.1	-4.50013110412279	-6.90703172702991	146
X65.AGGTCATGTGCAACTT.1	2.84558313426395	-0.735974398247298	41
X65.AGTCTTTCAAAGGCGT.1	8.43740412920643	7.08943312718822	42
X65.AGTGAGGTCCTCAACC.1	7.45401959372166	-7.97234717752586	32
X65.AGTGGGAGTAGCGTGA.1	3.95427649813882	-13.4183651038463	36
X65.AGTGTCAAGGATGTAT.1	7.89403681622826	-4.50082848436202	67
X65.AGTGTCATCATAGCAC.1	4.39861910752448	-14.5302438488222	72
X65.ATAAGAGAGTCGATAA.1	2.53899824999954	-8.51749515314379	2
X65.ATAAGAGGTTGGTTTG.1	-4.52148670652999	-10.4604555372283	39
X65.ATAGACCAGCTAGTTC.1	-3.10533144362761	-11.4774213850672	131
X65.ATAGACCAGTGGGATC.1	3.59061654320961	-9.62693734825022	2
X65.ATAGACCTCACCCGAG.1	-8.23896880983237	-5.87571486200186	24
X65.ATAGACCTCGTTTATC.1	6.90499320376	4.98049243229912	43
X65.ATCACGAAGGCAAAGA.1	3.6486188368936	-4.57775260705894	23
X65.ATCACGAAGTGGTAGC.1	-10.7627529728796	-9.89139868680722	61
X65.ATCATGGTCAAAGTAG.1	21.3780923771508	4.95652467014724	73
X65.ATCATGGTCGACCAGC.1	-3.79845890945009	-13.0190244509061	40
X65.ATCCACCAGATGGCGT.1	-14.8726793816141	-10.5748266279094	56
X65.ATCCACCTCCAAGTAC.1	9.14074115013613	3.22073120509117	48
X65.ATCGAGTGTATTAGCC.1	7.76113277050657	-5.13321303616092	67
X65.ATCTGCCGTGGCGAAT.1	9.43817976982039	-10.0446806735602	62
X65.ATGAGGGAGAGTCTGG.1	5.23942427260891	-8.20792256093089	2
X65.ATGAGGGCAGGGTATG.1	-12.4993469294161	-13.3576701991929	45
X65.ATGCGATAGAAGGCCT.1	7.36107815556961	-5.92851647769162	67
X65.ATTACTCGTATAATGG.1	6.6582044295033	-7.43514500699151	32
X65.ATTCTACAGCAAATCA.1	3.62722365131287	-7.42127178179927	2
X65.ATTGGACGTCACACGC.1	1.32868924029016	-6.79281227256388	44
X65.ATTGGTGAGCGTAGTG.1	-13.6072260534104	-5.03582363177842	8
X65.CAACCAAAGTGCAAGC.1	-6.21502766126961	-5.01066632899905	150
X65.CAACCAACATTTGCCC.1	3.22201954877564	-11.346366493008	25
X65.CAACCTCAGTGGTAAT.1	11.0657648842523	-1.96338852874323	47
X65.CAACCTCGTATGGTTC.1	5.00779273419439	-7.78926768862235	2
X65.CAACCTCTCACATGCA.1	-2.85635970552255	-8.83403010929535	66
X65.CAACTAGCAGTCGATT.1	17.212821181224	4.05224013601589	83
X65.CAAGAAAAGCTGTTCA.1	2.65054906156194	-12.6508735392157	58
X65.CAAGATCGTATCGCAT.1	-11.2683158462636	-6.1714236633816	111
X65.CAAGATCGTGGCAAAC.1	2.5601798754726	-6.52356731513727	23
X65.CAAGGCCCATGTAAGA.1	-8.48252749614621	-4.21316276608912	46
X65.CAAGTTGGTTTAAGCC.1	-11.222004984306	-14.1966382177045	45
X65.CACACCTAGGCGACAT.1	0.805939390489721	1.51344365967546	26
X65.CACACTCCAGCTGTTA.1	17.1822459471003	4.79194754371774	83
X65.CACACTCGTATCTGCA.1	8.05418043236831	-9.17888228288084	32
X65.CACAGTATCGGACAAG.1	19.6816572427237	4.53954590822164	30
X65.CACATAGCATCTATGG.1	-8.6216126081801	-8.39774899884839	5
X65.CACATTTGTTCAACCA.1	-10.8042286215453	-0.0185681337512353	139
X65.CACCAGGAGTGCTGCC.1	-6.86482892718186	-11.1644936959556	57
X65.CACCTTGAGGCGACAT.1	-11.9313607648908	-11.0277625360872	61
X65.CACCTTGAGTTGAGAT.1	-12.1001483613834	-13.7907966973327	45
X65.CACTCCAAGGGATCTG.1	-7.04472808058255	-13.298273980588	57
X65.CAGATCACATGCCCGA.1	9.86186675586743	-3.22984675747883	47
X65.CAGCAGCAGTACCGGA.1	19.2670460742468	3.41434858189002	20
X65.CAGCAGCTCGTGACAT.1	23.148902593975	1.89389760050715	53
X65.CAGCATAAGGACATTA.1	3.9365677883355	-0.687152120617521	41
X65.CAGCTGGAGATCACGG.1	10.1777666731784	0.125481604975926	48
X65.CAGCTGGAGGCACATG.1	3.16695564942425	-8.17599060199971	2
X65.CAGGTGCAGCTGCAAG.1	-10.7848070918736	0.534936749305107	139
X65.CAGGTGCAGTCATGCT.1	-4.12662632560659	-13.6966548723223	40
X65.CAGGTGCTCTGTTGAG.1	5.6283906787531	-10.6010365896179	49
X65.CAGTAACCAATTCCTT.1	-5.26534595509939	-2.66245435755336	150
X65.CATCAAGAGAGTAATC.1	-7.9661764589956	-13.3415535433323	57
X65.CATCAAGCATGTTGAC.1	-7.45057530138331	-3.80491297564902	46
X65.CATCCACAGTGCCAGA.1	-5.26693945782539	-2.51528741464777	150
X65.CATCCACCACGAGAGT.1	11.3550880212664	-1.13650465299709	47
X65.CATCCACCAGGAACGT.1	-4.61012134021729	-9.54426902224962	39
X65.CATCGAAGTCTTTCAT.1	10.1077407314047	1.60460743409849	48
X65.CATTATCAGATCCCGC.1	3.07541558266812	-0.115031847429106	41
X65.CATTATCAGCCGGTAA.1	3.98451003067709	-8.23333213717802	2
X65.CATTCGCGTGACCAAG.1	-0.848248603596826	-5.45267075207449	16
X65.CCACGGATCAGAGACG.1	-8.07247633381333	-9.53049605005553	5
X65.CCACTACAGGACATTA.1	-1.27859373425257	-4.48364123135161	16
X65.CCAGCGAGTCACCCAG.1	19.053388449095	3.08198760089176	20
X65.CCCAATCGTACATCCA.1	-7.00744166540317	-15.8992016201163	60
X65.CCCAGTTAGTTTGCGT.1	23.1263137921301	1.86357488013463	53
X65.CCCTCCTCAATCTGCA.1	5.849258020911	-7.89243464335233	32
X65.CCGGGATAGTGTTTGC.1	2.59800224460724	-12.6918860581456	58
X65.CCGTACTCATTAGCCA.1	5.06750228660356	-9.8825766992106	49
X65.CCTAAAGTCTCAACTT.1	1.03585828912625	1.23628650538039	26
X65.CCTCTGAGTTGGTGGA.1	1.25206871550462	-14.9802903621085	54
X65.CCTTCCCCAAGCTGAG.1	13.2693564314166	-6.5094901776402	29
X65.CCTTTCTAGGACAGAA.1	-9.67383545518054	-9.01671927133125	126
X65.CGAACATAGCTGTTCA.1	-8.79619155648526	-11.7502954939151	18
X65.CGAATGTGTGATGTGG.1	-2.93791847097755	-3.2995083419467	145
X65.CGACCTTCAGGACGTA.1	14.8574743609379	-7.82676035499705	14
X65.CGACCTTTCTCTAAGG.1	-3.16671914743769	-17.7244033811208	84
X65.CGAGAAGCAATGCCAT.1	0.168601202208404	-10.3689103731575	50
X65.CGAGAAGGTGTTGAGG.1	-0.573081031004633	-2.2528304316712	65
X65.CGAGCACAGATTACCC.1	7.73043107708677	-7.38343676511531	32
X65.CGCGGTAAGTTGCAGG.1	3.80787544112633	-7.04786102528611	2
X65.CGCGGTATCGGAAACG.1	12.1155623637424	0.715652156844435	13
X65.CGCTATCCAAGGTTCT.1	-7.74692943408226	-4.66462091746525	46
X65.CGCTGGAGTGCAGGTA.1	3.86817925739229	2.72864322297732	118
X65.CGGACACGTTAAGATG.1	8.29375776646626	-6.38548696091647	64
X65.CGGACACTCTCTAGGA.1	10.4657050083657	2.93648241313265	52
X65.CGGACTGCAAGGTTTC.1	-0.796158327025782	-5.12264133139055	16
X65.CGGCTAGGTGACTCAT.1	7.24900551842221	-5.31797073248856	67
X65.CGTAGGCAGAGTAATC.1	23.0388252301797	2.12987643041099	53
X65.CGTAGGCGTCTACCTC.1	-8.42673728147976	-14.3071194863296	60
X65.CGTAGGCTCTGGTTCC.1	13.7612525416615	-5.74353828764995	29
X65.CGTCAGGAGTGCCAGA.1	2.7302466764055	-9.16127927904177	2
X65.CGTCCATAGGCACATG.1	-7.49235895912971	-8.84062915915746	5
X65.CGTCCATTCTACTCAT.1	6.68030176754552	-11.4065322760717	49
X65.CGTCTACTCTGTCAAG.1	2.69344494439257	-12.6186171339749	58
X65.CGTGAGCTCAGTCAGT.1	1.25873777910081	-14.9070253280932	54
X65.CGTTAGAAGATTACCC.1	12.0969297407966	-0.227817603618933	13
X65.CGTTAGATCGTACCGG.1	3.69180479265599	-10.7687879538066	25
X65.CGTTCTGAGGAGCGTT.1	4.12916740261728	-13.1999112128622	36
X65.CGTTGGGAGACTTGAA.1	-0.684248571062068	-5.18038140594001	16
X65.CTAAGACTCGTGGGAA.1	7.14369017950805	1.42533804617685	37
X65.CTAATGGGTATCACCA.1	-2.72275339157971	-14.5991814192413	94
X65.CTACCCATCGCGATCG.1	-16.5427723860896	-4.95652807321921	55
X65.CTAGAGTGTCGAATCT.1	-1.54292730344337	-10.858092907913	131
X65.CTCACACTCAACGCTA.1	7.53292798168432	-4.77838853753484	67
X65.CTCAGAATCCTCGCAT.1	-4.32090297263911	-12.9570145946683	40
X65.CTCATTACAGCGATCC.1	9.07628030512599	-7.12934315908689	64
X65.CTCATTATCTGGAGCC.1	7.790550761551	-6.28021707852667	67
X65.CTCCTAGAGGAATCGC.1	1.10564855097603	-7.71397685855246	50
X65.CTCGAAATCTATCGCC.1	-7.53217493590538	-3.2496054423008	46
X65.CTCGGAGAGGAGTTTA.1	-5.37446771839361	-14.4028752029265	40
X65.CTCGGAGCACAGACTT.1	3.80415366209643	0.349329527913885	21
X65.CTCGGGATCTATCGCC.1	17.2877253675216	4.6336239611671	83
X65.CTCGTACAGATAGGAG.1	21.5421841723678	4.6156317974867	73
X65.CTCGTCACACACCGAC.1	3.00988137871583	-7.89382293004735	2
X65.CTCGTCATCTAACCGA.1	-1.40917722553674	-1.97976611780008	65
X65.CTCTAATTCGTCTGAA.1	-2.57982897621837	-15.1189918256658	94
X65.CTCTAATTCTAGAGTC.1	6.79719632696787	-8.49008129720105	32
X65.CTCTGGTCAATCAGAA.1	7.63795492063502	-10.0065553599233	62
X65.CTGAAGTCAGTTTACG.1	-2.74490989373324	-12.762605962596	94
X65.CTGATAGGTATCTGCA.1	18.6329949071772	4.71223921015783	30
X65.CTGATAGGTTGCGCAC.1	-7.66085796311232	-0.0834474479923226	71
X65.CTGCTGTGTTTGACTG.1	1.4518976789035	-9.71678367506426	25
X65.CTGGTCTCAGGTCTCG.1	5.37275357395406	-11.2132993607143	49
X65.CTGTTTACAAGACACG.1	3.22782154055436	-6.97202785181711	2
X65.CTGTTTAGTCTAGGTT.1	16.254104726301	3.54101263955957	83
X65.CTTAACTGTGGTCCGT.1	-11.1969486947532	-14.1583296428177	45
X65.CTTACCGCATAGAAAC.1	-2.70300339352936	-10.7774125067108	131
X65.CTTCTCTCAAACTGCT.1	13.890899284653	-6.40591758133457	29
X65.CTTGGCTAGAGTCTGG.1	8.18204510935865	-5.54727306254971	67
X65.CTTTGCGAGACAAAGG.1	0.189520545068715	-11.8844270145841	147
X65.CTTTGCGCATGTTCCC.1	7.05192578984658	-6.87542715265307	32
X65.GAAACTCCATCAGTCA.1	0.788274577566914	-7.90196587675652	50
X65.GAAACTCTCTATCCTA.1	-14.9479237595485	-10.5157340298028	56
X65.GAAATGATCTATCGCC.1	-6.55273856256351	-11.9480519176431	57
X65.GAACGGATCAGTCAGT.1	9.3581140233199	-4.72149235244256	15
X65.GAAGCAGAGCTTTGGT.1	2.11662390979382	-7.17576677805617	44
X65.GAAGCAGCACTGTGTA.1	-7.85304159238673	-4.81618289432286	46
X65.GACAGAGCATTGGCGC.1	4.50054584969685	-11.8127962199615	36
X65.GACAGAGTCCTTGGTC.1	13.2270198172995	-6.95873020477897	29
X65.GACGCGTGTTACCGAT.1	8.41844582447161	-7.17781960213278	64
X65.GACTGCGAGGCACATG.1	7.21864165893332	1.43924439455443	37
X65.GACTGCGGTCTTGCGG.1	20.1432660966661	4.7387436972542	30
X65.GAGGTGACAAGTTAAG.1	-14.5111260837148	-11.1850626226325	56
X65.GATCAGTCAGTATGCT.1	2.63243718933481	0.75033459289265	19
X65.GATCGATCACGCATCG.1	20.5736656864623	4.50549193617591	30
X65.GATCGCGTCATAACCG.1	4.7102356328351	-11.5155229328904	36
X65.GATCGCGTCTGAGGGA.1	-1.97166191478304	-10.1733656231559	66
X65.GATCTAGCAGATGGCA.1	13.8764207212633	-6.15551675670201	29
X65.GATGAAAAGCGATGAC.1	8.36043504446428	-8.62727024290655	32
X65.GATGAAATCTCCAGGG.1	2.76375309608469	-6.31776199324478	23
X65.GATGCTAGTAGTACCT.1	1.51095628000591	-12.615907571078	58
X65.GATGCTATCACCATAG.1	1.0042124087415	-12.7709135244333	58
X65.GCAATCACACTGCCAG.1	-8.4722970099367	-4.66600161925241	46
X65.GCACTCTAGCCACTAT.1	2.3636083818958	3.0030569838731	59
X65.GCAGCCAGTAATTGGA.1	0.0852966939017132	-6.37817018738057	16
X65.GCAGTTAAGAGCTGCA.1	13.9716412755083	-7.16848760470685	29
X65.GCAGTTAGTCTTGATG.1	4.97949551631954	1.13759031646532	21
X65.GCATACAAGAGACTAT.1	3.44960617687716	-10.7638073342522	25
X65.GCATACAGTTTGACAC.1	-9.78181821886355	-1.02455777839387	120
X65.GCATGATCACAGCGTC.1	-2.06755642867591	-1.62179247874985	33
X65.GCATGCGGTCTCGTTC.1	5.60561988081732	-9.24686193562746	32
X65.GCATGTAGTCCGTCAG.1	8.01991300889851	-9.1081623201137	32
X65.GCGAGAAGTCTCATCC.1	-2.27838589691706	-10.7158302758398	131
X65.GCGCAACAGTCTCAAC.1	10.6041858302519	0.50753360490135	48
X65.GCGGGTTGTAGCACGA.1	20.9193841559904	4.00562051944963	73
X65.GCTCCTATCACTGGGC.1	6.35809983173446	-9.55195936601708	32
X65.GCTGCAGGTGAGTATA.1	-6.65918618089503	-8.82858331463371	39
X65.GCTGCAGTCCCTAACC.1	2.44345516980348	-15.7454002278648	54
X65.GCTGCAGTCGCCAGCA.1	0.909237201471294	-8.59564415646486	50
X65.GCTGGGTAGCTAACTC.1	-7.34532569451582	-15.9716998376954	60
X65.GCTTGAACACGACGAA.1	-1.423613597831	-4.25335124101836	16
X65.GGAACTTAGCTACCGC.1	-2.00670721636943	-11.4007282044705	131
X65.GGAATAAAGGGATACC.1	2.30582913947705	-13.9971750447849	58
X65.GGACAGAGTTAAAGTG.1	-12.0366644712594	-10.2333227063206	61
X65.GGCAATTGTGTTAAGA.1	-10.1522343322927	-10.2798807201736	61
X65.GGCCGATAGAATGTGT.1	4.08602233084379	-11.7038745535605	36
X65.GGCGACTGTTACCAGT.1	3.27471320488662	-5.69285936886922	23
X65.GGCTGGTAGTGCCAGA.1	20.8853432456808	3.95589049681128	73
X65.GGGAATGCAGGGATTG.1	7.91085986270294	-10.3507563986268	62
X65.GGGACCTAGTGTTTGC.1	-0.993660813251941	0.388107126116737	26
X65.GGGAGATGTGCTAGCC.1	15.2162958169797	3.32194195318353	7
X65.GGGATGAGTGGTCTCG.1	-3.67970951599823	-10.2432489136253	131
X65.GGGCACTAGAGCAATT.1	-16.1954503481505	-1.91582911706872	63
X65.GGGCACTCATCCCATC.1	10.5013215186847	-0.813534103729086	47
X65.GGGTTGCCATGTCTCC.1	1.53583323152393	-9.74384300863804	25
X65.GGTATTGCATGTTGAC.1	2.40515807272786	-10.4998852588999	25
X65.GGTGCGTTCCTTCAAT.1	9.21951603273928	1.41553520569769	48
X65.GGTGTTACACGAGGTA.1	-1.63296867845007	-8.47529719413023	66
X65.GGTGTTACATAACCTG.1	-1.11621785333719	-11.9768791770117	147
X65.GTAACGTTCGCTTAGA.1	-0.0874838449658851	-9.80514891995305	50
X65.GTAACGTTCTGTCAAG.1	4.46806842882801	-12.09040023929	36
X65.GTACGTAAGGGTTTCT.1	9.52088773349775	-5.31563666157593	64
X65.GTACTCCGTAAACGCG.1	12.2418780523188	-0.786445849399468	13
X65.GTACTTTGTCTTGTCC.1	2.73782186721742	-13.0317275415514	58
X65.GTAGTCAGTAAAGGAG.1	-12.5349738623042	-6.06748845885954	111
X65.GTATCTTGTCTAAACC.1	11.2047796288129	-6.57409507915771	29
X65.GTATCTTTCAACACAC.1	0.806521786277716	-0.582446078636341	26
X65.GTATTCTAGCTATGCT.1	-4.23343129679998	-11.2314213872702	39
X65.GTCAAGTCAAGTTGTC.1	-4.09327657914495	-9.60489076184616	39
X65.GTCGGGTTCAACGCTA.1	4.23058587989137	-1.49154987510237	41
X65.GTCTCGTGTCGCTTTC.1	7.61900546640908	-9.94362479470746	62
X65.GTGCAGCGTCGAATCT.1	0.628928659851753	-9.12028069598315	50
X65.GTGCAGCGTTGGTTTG.1	-2.82029489933782	-12.5570219114873	94
X65.GTGCAGCTCCGTTGTC.1	2.2109640828363	-6.21171267746487	23
X65.GTGCATACAGTCTTCC.1	-7.7888001853395	-14.5642131320886	60
X65.GTGCGGTGTCTCCACT.1	-1.8755202843714	-10.9950795651306	131
X65.GTGCTTCGTATCGCAT.1	-9.29863515184977	-4.08202717841009	46
X65.GTGCTTCTCACCATAG.1	19.6627132425926	4.87498110147431	30
X65.GTGTTAGCAGTCGATT.1	-7.28861265126832	-7.36710603565075	24
X65.GTTACAGGTCCATCCT.1	1.17799401966757	1.96032179723387	26
X65.GTTACAGTCGCTAGCG.1	19.1488305498584	4.32850790349934	30
X65.GTTCGGGGTAGAAGGA.1	-1.65167813946662	-8.71968966983232	66
X65.GTTCTCGAGATGCCAG.1	21.8877373339496	3.88066264628559	73
X65.TAAACCGGTGCACTTA.1	8.13622516269016	-5.03137043995148	67
X65.TAAACCGTCGAGGTAG.1	-4.15436446096464	-0.750521153065186	69
X65.TAAGTGCGTGTGGCTC.1	2.60566666994949	0.872728845134286	19
X65.TACACGAAGCTCCTCT.1	-1.31330993454839	-10.9336219925504	131
X65.TACAGTGCAGCCTTTC.1	7.01416279278308	-6.65284424244343	32
X65.TACAGTGTCATCGCTC.1	9.59823788055613	-6.29755163224846	64
X65.TACAGTGTCGCACTCT.1	9.45303934691101	-9.91198063894425	62
X65.TACCTATGTCGAACAG.1	5.72734663379775	-9.10751353017073	32
X65.TACGGATGTAAGGATT.1	1.58510355933954	-12.8218988655234	58
X65.TACGGATGTACACCGC.1	-2.90868724482285	-1.44823797100412	33
X65.TACGGATTCAACGCTA.1	6.13325348139967	-8.97450489930927	32
X65.TACTCATGTGCACTTA.1	7.67799787186338	-5.84499511042172	67
X65.TACTCGCAGTCACGCC.1	8.19427106560175	-8.58490389486118	32
X65.TACTTACAGAGGTAGA.1	8.31832865940727	-5.16218089858687	67
X65.TACTTACTCACAGGCC.1	15.5956922942231	3.49997654709508	7
X65.TACTTACTCACGACTA.1	-7.2446376766658	-12.4883152440123	57
X65.TACTTGTGTTAAAGTG.1	-6.34436065088229	-13.4919936117907	60
X65.TAGGCATGTTTAAGCC.1	-6.83410096775187	-10.5072219374261	39
X65.TATCTCAAGCAGACTG.1	4.03863074983302	1.7906564135172	21
X65.TATCTCACAAGCCGCT.1	-9.47323975716951	-15.3829244132569	68
X65.TCAACGAAGTGCGATG.1	0.8672185248623	-7.81463692713263	50
X65.TCAACGAGTACCGGCT.1	19.7714505536347	4.30263847074018	30
X65.TCACAAGCACCACCAG.1	-3.90244813621809	-1.55577405592589	69
X65.TCACAAGGTTAAGTAG.1	15.1834684314004	-8.10465713857406	14
X65.TCACGAATCGCCGTGA.1	-4.24072545916865	-16.2406896665528	4
X65.TCAGATGTCAGGCCCA.1	-6.48913252204617	-14.8605007057415	60
X65.TCAGGTAAGACAGGCT.1	3.24228886407791	-9.08493902884944	2
X65.TCAGGTATCGTCACGG.1	2.56554468525266	-11.6439646819585	25
X65.TCCCGATGTCCGAAGA.1	10.2470477243709	-7.36905554125469	9
X65.TCGAGGCGTAAAGGAG.1	6.71098670160284	3.22397010501848	34
X65.TCGCGAGTCCATGAGT.1	-4.43683248918755	-10.7312183971051	39
X65.TCGGGACAGAGACGAA.1	9.49002011697414	0.820325637162476	48
X65.TCGGTAAAGGACAGCT.1	-5.62115952567212	-12.8859601329879	40
X65.TCTATTGAGTGTACCT.1	-7.54833381538926	-13.4351619080208	57
X65.TCTATTGGTCGGATCC.1	-2.16046925685005	-9.60441223593189	66
X65.TCTCATATCGAGAACG.1	-5.07212456991121	-2.54805152681203	150
X65.TCTCTAACAAGCCATT.1	6.67499189271001	0.161658021408427	37
X65.TCTCTAAGTTATCCGA.1	19.1977674866714	2.45533144289458	20
X65.TCTGAGACAAGAGTCG.1	10.1669983863345	-1.17655936989519	47
X65.TCTGAGACACATAACC.1	-8.6605281260587	-1.56253614646744	120
X65.TCTGGAACAAGTACCT.1	-0.166381836923205	-10.2762936949783	50
X65.TCTTCGGAGAATGTGT.1	-14.5221641788711	-11.3376066893585	56
X65.TGACTAGGTTGAGTTC.1	-2.02761527749748	-10.130401326378	66
X65.TGAGAGGAGTGCAAGC.1	8.87422669239721	-5.86569217884141	64
X65.TGAGAGGCATGGGAAC.1	10.8492570743422	0.0828089174622989	48
X65.TGAGCATAGTGCGTGA.1	11.6258352790281	-2.40030281221887	47
X65.TGAGCATTCATCGATG.1	12.6280986702209	-3.85796831617365	6
X65.TGAGCCGTCGCCTGAG.1	9.55805270271793	-10.0932235504726	62
X65.TGAGGGAGTCGAGATG.1	-0.115121339958322	-10.6910995591355	50
X65.TGATTTCCAGGTCGTC.1	4.18963804268603	-10.2944924688762	49
X65.TGCGCAGTCCTAAGTG.1	-7.64625942959397	-0.231915056172147	71
X65.TGCGGGTCACCTCGTT.1	16.9708881797401	4.35699395725599	83
X65.TGGCCAGGTCGCCATG.1	-10.2539349852922	-4.53966205100545	35
X65.TGGGAAGGTACTTGAC.1	-1.14788698505509	-4.70096490286181	16
X65.TGGGCGTAGTCTCCTC.1	-10.9976712085653	-10.4908534506274	61
X65.TGGGCGTAGTGTGGCA.1	4.58231956920651	-14.7284865860921	72
X65.TGTCCCATCAACCATG.1	-5.54489455588677	-11.6475697208962	39
X65.TGTGGTAGTTATCGGT.1	0.415097771548136	-7.50478575391087	50
X65.TGTGTTTAGATCCCAT.1	-1.91092311483715	-4.95939591100491	16
X65.TGTGTTTGTTCCCGAG.1	0.388777206327632	-7.79800768953715	50
X65.TTAACTCCAATAGCAA.1	-3.81128648591495	-3.28719610450427	145
X65.TTAACTCGTTCTGTTT.1	-3.08837372662084	-11.68961534845	131
X65.TTAGGCAAGGCCCTCA.1	-7.18669635802155	-11.2679657068205	57
X65.TTAGTTCAGCTACCTA.1	6.79560061308378	-7.68455097973731	32
X65.TTCCCAGTCTTGTCAT.1	21.3877294360514	5.68785966186938	73
X65.TTCCCAGTCTTTAGGG.1	14.0717131522437	-6.57287770235132	29
X65.TTCGAAGTCAGTGTTG.1	9.50459835734898	-1.92228005289964	47
X65.TTCTACACAGCTGCAC.1	22.0704500530552	3.24900506248189	73
X65.TTCTCAACAAGCTGAG.1	3.83471599178996	-14.7672444399436	72
X65.TTCTCAACACGGACAA.1	5.46535517445204	0.942787773831597	21
X65.TTCTCAATCTGTCAAG.1	4.02659965029057	1.77090450637015	21
X65.TTCTCCTAGATGTAAC.1	6.92435135015214	5.24550321118871	43
X65.TTCTCCTAGTTGTAGA.1	-1.82920384492168	-14.3293964465711	94
X65.TTCTCCTCACAACTGT.1	4.27858597621868	-7.88461089819605	2
X65.TTCTTAGAGATAGGAG.1	1.63564162576194	-13.6990791910998	58
X65.TTGAACGAGGCTACGA.1	12.9825728678281	-7.56981513933058	29
X65.TTGAACGTCACCATAG.1	-6.78941570176379	-13.9827499209345	60
X65.TTGCCGTAGCACACAG.1	2.20143465161002	-10.3959035928377	25
X65.TTGCCGTGTTCGTTGA.1	8.28201211451453	-6.96453223955012	64
X65.TTGGAACAGGAGTACC.1	-7.28777970308074	-12.9869301742676	57
X65.TTGTAGGCACAGCGTC.1	-6.51438530546337	-4.61983498830792	150
X65.TTGTAGGCACTTAAGC.1	1.01205282536401	-13.4949480058386	58
X65.TTTACTGCATTTGCCC.1	-5.87980224291801	-12.7858222253475	40
X65.TTTACTGTCTCGGACG.1	-6.26182405921308	-8.33547522634886	39
X65.TTTGGTTAGCTGAACG.1	-1.55595079275862	-12.535801455115	147
X65.TTTGTCACAGACAGGT.1	10.7252184004915	-1.06215735235171	47
X60.AAACGGGTCACTATTC.1	-2.77932524016124	18.6895736144745	89
X60.AAAGATGAGATCCTGT.1	-4.07325656317626	11.8830255419554	132
X60.AAAGATGTCTGCGTAA.1	-3.15930114230475	14.1275270448818	132
X60.AAAGCAACATGGGAAC.1	-6.96039987996193	15.646900499449	97
X60.AAATGCCTCCACGTGG.1	-8.29632832307942	10.0565926467505	87
X60.AACACGTAGATATACG.1	-9.1395730741817	5.20352555856487	116
X60.AACGTTGGTCGTTGTA.1	-1.3140951691811	10.8396036740723	74
X60.AACGTTGGTCTAACGT.1	-13.8425655601806	14.2461540164983	127
X60.AACTCAGCAGCAGTTT.1	-9.89349240792741	3.24340977385677	108
X60.AACTCAGTCGAACTGT.1	-12.2408660552558	13.572216307708	90
X60.AACTCCCGTAAGCACG.1	-4.10448845612514	8.88228585754481	117
X60.AACTCCCTCTGCCCTA.1	-6.5389988384477	9.75262623642444	128
X60.AACTGGTCAGCTCGCA.1	-15.6849537442223	5.49922415007375	119
X60.AACTTTCTCAGGTTCA.1	-11.0790290114666	11.5829460443011	142
X60.AAGACCTCAAGCCGTC.1	-7.22012362031363	13.629134799495	77
X60.AAGCCGCGTAGCTCCG.1	-3.41925409208367	7.49283399129186	101
X60.AAGCCGCTCTTAGCCC.1	-4.30730629601377	14.225139542145	82
X60.AAGGAGCCATAGACTC.1	-3.47754359842441	4.03262604208554	125
X60.AAGGCAGTCCTTTACA.1	-1.96082577118611	9.48026902738441	134
X60.AAGGTTCGTTTGGCGC.1	-7.92156112940961	12.8061955877252	77
X60.AAGTCTGCAAGACACG.1	0.0962410904761461	2.17735264487002	26
X60.AATCCAGAGTTACCCA.1	-9.36962916194836	11.4240254928362	87
X60.AATCCAGGTCACCTAA.1	-4.58070523298028	13.8433328432707	82
X60.AATCCAGGTGCGGTAA.1	-1.97279098486262	10.3204591718645	117
X60.AATCGGTGTACATGTC.1	-8.66712142334577	10.4609962477967	87
X60.ACACTGATCACCCTCA.1	-2.57198413881781	15.2935968737055	132
X60.ACAGCCGAGTTCCACA.1	-4.93920989436405	11.1153265462794	117
X60.ACAGCTATCCTCGCAT.1	-6.08152970636202	6.86968897387012	115
X60.ACATACGCACGAGAGT.1	-3.0069499699604	9.31260554441132	117
X60.ACATCAGAGAAACCAT.1	-8.83643846373852	5.55287373563206	116
X60.ACATGGTAGCTAACAA.1	-11.5013759415155	10.1656451380452	87
X60.ACCAGTAAGGTGATAT.1	-7.19093190265581	17.2110940422143	97
X60.ACCAGTATCGGTTAAC.1	-4.13835052341128	2.03723544874401	102
X60.ACCGTAATCTAACTTC.1	-2.03752031171471	17.6417515264436	89
X60.ACGAGCCGTCTTCAAG.1	-11.3715562298477	-8.92052867655457	38
X60.ACGAGGAAGGATGGAA.1	-9.11063884689823	12.7597256085101	81
X60.ACGAGGAGTCCTCTTG.1	-3.11968341180426	14.4356731402291	132
X60.ACGATACTCATGCTCC.1	-8.1965489913645	7.73888313849379	129
X60.ACGATGTTCTGCCCTA.1	-3.62856273254123	9.60888274226317	117
X60.ACGCCAGTCGGTGTCG.1	-5.6089347171771	10.8586967658536	117
X60.ACGCCGACAAAGGAAG.1	-4.86820986448166	12.737676592677	132
X60.ACGCCGATCAGCGATT.1	-8.83485096181607	11.0539484588269	87
X60.ACGGAGACAGTGACAG.1	18.3692169719473	6.74330760027815	121
X60.ACGGGTCAGAGTGAGA.1	-4.20913443958382	15.2001422606428	82
X60.ACGTCAAAGTGTACTC.1	-10.1704187987683	10.9126904067866	87
X60.ACGTCAAGTTATGTGC.1	-1.9112928721044	8.88101345295292	134
X60.ACTGAACAGAGGGCTT.1	14.7808581761036	4.49121839482345	124
X60.ACTGATGGTATAGGTA.1	-6.49929752398031	13.3440931276147	77
X60.ACTGCTCAGACTTGAA.1	-3.41939850030978	14.1030319025047	132
X60.ACTGCTCCACGTGAGA.1	-8.18814677573221	1.82561310150494	71
X60.ACTGCTCCAGCGTAAG.1	-7.09431293563731	12.5066430218816	77
X60.ACTGTCCAGAACAATC.1	-2.7146314310421	7.66637477839281	101
X60.ACTTTCAGTTGATTCG.1	-6.91648737614983	16.7556751225466	97
X60.AGACGTTGTCTTGATG.1	15.8145484083255	-5.83875391582502	1
X60.AGAGCTTGTTCGTTGA.1	-2.0768663399263	13.0395538927206	74
X60.AGAGCTTTCCTATGTT.1	-2.5402774184889	-15.5850821285912	94
X60.AGATTGCGTCTGATCA.1	-8.91950177162727	5.80345672330393	116
X60.AGATTGCTCACTTATC.1	-8.33604689969157	3.02802140050392	113
X60.AGCAGCCAGATATGGT.1	-1.32593586001767	16.5907070909172	98
X60.AGCAGCCGTAGATTAG.1	-12.7064556293316	4.52588301299636	93
X60.AGCTCCTTCTGAGGGA.1	-0.490876367813807	10.3038227768582	74
X60.AGCTCTCAGAACAATC.1	-8.04060663293321	7.55990614821383	129
X60.AGCTCTCCACCTTGTC.1	-4.95279528022463	8.42717448964227	115
X60.AGCTCTCCATAGAAAC.1	-7.952737913702	5.56419262674068	109
X60.AGGGATGCAGGAATGC.1	5.86254099543599	8.58764525320551	75
X60.AGGTCATTCGTAGATC.1	-8.62949710425179	11.1873079432505	87
X60.AGGTCCGGTTAGGGTG.1	-14.0535924137831	4.38665882729662	93
X60.AGGTCCGTCCAGAAGG.1	-7.82307315746883	10.8597956382914	87
X60.AGTAGTCAGTGGGATC.1	-13.0921691382955	2.39995615803662	105
X60.AGTCTTTTCTAAGCCA.1	-14.2107265506082	-7.5417824921668	76
X60.AGTGGGAAGCCGCCTA.1	-8.19354303304501	14.226100090535	81
X60.AGTGGGACAAGGACAC.1	-4.28840615420144	5.69459277426467	125
X60.AGTGTCACACGCATCG.1	-9.65130923927582	11.2886196992682	87
X60.AGTTGGTAGTCATCCA.1	-8.79771114492947	8.59316268880602	87
X60.ATAACGCAGTGTTAGA.1	17.766608564076	-7.12917235944108	1
X60.ATAGACCCATCCGTGG.1	0.425854748491758	15.2414820822752	86
X60.ATCATCTGTACCGAGA.1	-4.47185819458224	12.0202589770905	132
X60.ATCCACCCACGTTGGC.1	-5.86398684097973	9.2638273620385	115
X60.ATCCGAACATATGGTC.1	-1.98965660738937	7.79020743992998	101
X60.ATCGAGTAGTTCGCGC.1	-6.48519617967309	3.68859129401854	113
X60.ATCGAGTCAGAAGCAC.1	-8.48706257094111	8.86415114166913	87
X60.ATGCGATCATGTAGTC.1	-10.8197980307854	9.60619716326227	87
X60.ATGCGATTCACTCCTG.1	-10.7250487421052	5.11517395934812	116
X60.ATGGGAGAGTCGATAA.1	-10.965902432783	9.86465341579311	87
X60.ATTACTCTCGCGATCG.1	-10.1428882249894	15.7492304221162	110
X60.ATTATCCCAAGCGATG.1	-10.2805722884797	10.1534622390855	87
X60.ATTGGTGAGTTCGCGC.1	-1.77590883248055	14.4066441870226	78
X60.ATTGGTGCAGATCGGA.1	-7.58620611341154	15.4040239768274	97
X60.ATTTCTGCATTCACTT.1	-5.62382214653216	10.5622055176907	117
X60.ATTTCTGGTGGTCCGT.1	-10.5562055881666	8.14068029113608	122
X60.ATTTCTGTCACGAAGG.1	-12.5862387088091	7.52352364573262	104
X60.CAACCTCTCTTCAACT.1	15.7891593962389	-5.9207018994167	1
X60.CAACTAGCACAGGAGT.1	-2.68418142227756	11.0201713301378	117
X60.CAAGAAAAGATAGTCA.1	-4.72446917423044	12.0942066141926	132
X60.CAAGAAACACATAACC.1	-3.95960709184822	13.0817660793346	132
X60.CAAGATCAGTTCGATC.1	18.2956377011556	6.89720317817621	121
X60.CAAGGCCAGAGACGAA.1	-4.25838764866135	14.2013544658604	82
X60.CACACAACAAACAACA.1	-6.00923227585066	12.1031129907479	77
X60.CACACCTAGTAGATGT.1	-1.70909798907648	11.3816941553855	74
X60.CACAGGCTCAAGAAGT.1	-6.59115299569705	13.5699482065173	77
X60.CACATAGTCGTGGACC.1	-2.63669010277043	15.3880986419002	132
X60.CACCACTGTAGCTTGT.1	-7.5074536954206	6.94593080198915	129
X60.CACCACTTCGCTAGCG.1	-10.022671922327	12.8503939746607	81
X60.CACCAGGCATTGGCGC.1	-7.74969954436627	13.0928920455294	77
X60.CACCAGGTCCAGGGCT.1	-5.27676866723896	13.1116499675159	132
X60.CACCTTGCACCAGATT.1	-1.77228795186846	15.1484726887301	78
X60.CACCTTGGTTGGACCC.1	0.123367947352169	7.33314134888887	79
X60.CACTCCAGTCATGCAT.1	-13.5604952198284	-1.4900840707177	80
X60.CAGAATCAGGGAAACA.1	-5.00707484870778	12.9918863918841	132
X60.CAGAATCTCCAAGCCG.1	-9.44939864241238	9.81471115636209	87
X60.CAGAGAGCACGAAACG.1	-6.04024689666483	14.650668246693	97
X60.CAGATCAAGAGCTTCT.1	-8.43645010082334	11.8895005201378	87
X60.CAGATCAAGCTCCCAG.1	-8.46861870655331	14.3005322332548	81
X60.CAGATCACAGATCTGT.1	-3.33988114327152	16.7141394742478	89
X60.CAGCAGCCATTAGGCT.1	-6.80565362388068	7.79486372024766	129
X60.CAGCCGACACCAGATT.1	-6.57244413465122	11.3323090689092	128
X60.CAGCCGACATCATCCC.1	-5.01587306211364	9.71079465663856	117
X60.CAGCCGAGTTTAGCTG.1	-12.5802814630407	7.83562032160943	104
X60.CAGCGACAGAAGGACA.1	-6.89940017063028	16.1086312536246	97
X60.CAGCGACCACAAGTAA.1	-8.80622069660614	10.238820591796	87
X60.CAGCTAAAGAGACTAT.1	-6.81060517171588	7.91431354468266	129
X60.CAGCTAATCGGAAACG.1	-8.23320194091192	17.1385680586011	97
X60.CAGCTGGAGTTGTAGA.1	-12.4068589697082	-2.81423222652128	100
X60.CAGTCCTAGCTCCCAG.1	-5.99938566576731	13.5770213430178	82
X60.CAGTCCTGTGTGCGTC.1	-2.17299478267772	8.12806604645045	101
X60.CAGTCCTTCCCTCAGT.1	-8.3168042026889	9.194940350352	87
X60.CATATGGTCTCTAAGG.1	-1.79688585721611	-17.0310298659162	84
X60.CATCAAGTCATTATCC.1	-10.6269263882048	13.1054479254246	81
X60.CATCGAAAGCCTCGTG.1	-5.51252727570554	14.0186898830285	82
X60.CATCGAATCATTTGGG.1	-9.73865248129094	13.9359219498954	81
X60.CATCGGGGTGCAGACA.1	-3.41315046397335	13.3750463781051	132
X60.CATGACAAGTCCATAC.1	-9.79801549708026	16.5919594531803	110
X60.CCAATCCCAGCCAATT.1	-11.6904201013022	5.57826927706209	116
X60.CCAATCCCAGTACACT.1	-7.24788774859982	4.67986327425094	109
X60.CCACCTAAGGCAGTCA.1	-3.1641708839362	10.6173108932086	117
X60.CCACCTAAGTCCGGTC.1	-1.62673372991977	14.5619825382109	78
X60.CCACGGAGTCCGCTGA.1	-6.36864014806437	14.591010968667	97
X60.CCACGGATCTGTCAAG.1	-1.78599306523841	11.8935377705261	74
X60.CCAGCGAGTGATGATA.1	-2.52245915877969	13.3751064036411	132
X60.CCATGTCAGAAGGTTT.1	-0.414776681842879	8.79335097676378	134
X60.CCATGTCCACTGCCAG.1	-13.9270850657756	-13.0796731897394	85
X60.CCCAATCCATTTGCTT.1	17.2849863089159	-7.46300930424619	1
X60.CCCAATCGTCAGAATA.1	-7.40086816639919	5.96623157668554	109
X60.CCCAATCGTGATGTCT.1	-6.62768731219061	7.89374423527498	129
X60.CCCTCCTGTGTTTGTG.1	2.72331568051878	15.4937484009036	86
X60.CCGGGATGTACCGGCT.1	-8.62340481940215	13.3758582461062	81
X60.CCGGGATGTCCTCCAT.1	-2.36139609515721	11.2019260106407	117
X60.CCGGGATGTTCGTTGA.1	-11.5590353313562	2.69025830172483	108
X60.CCGGGATTCCAAGCCG.1	-5.19990598366178	17.2911400201173	96
X60.CCGGTAGGTATTCGTG.1	-0.853087702855281	4.84160405982204	130
X60.CCGTGGAAGGGTTCCC.1	-4.47659971010437	12.7293102028905	132
X60.CCGTGGAGTGCGGTAA.1	-10.2836910249299	9.43387561477128	87
X60.CCGTTCATCTAGCACA.1	2.10794832924636	13.3962692077428	140
X60.CCTACACTCCCTCTTT.1	16.7878591575165	-6.52439701686585	1
X60.CCTCTGATCCCATTTA.1	16.3905410031001	-7.5142680331057	1
X60.CCTTACGAGCTTATCG.1	-3.16356750593902	8.78695545340396	117
X60.CCTTACGGTGCACCAC.1	-4.54817954387314	16.2073679992868	82
X60.CCTTCCCCATGCCACG.1	-2.47658114010812	16.5913566012367	89
X60.CCTTCCCGTATAAACG.1	-6.13941750986748	18.5185535439044	96
X60.CCTTCCCGTCGAAAGC.1	-0.838943947640408	12.0295487738227	74
X60.CCTTTCTGTGACGGTA.1	-13.9856194875711	4.42505295570431	93
X60.CGAATGTTCCTTTACA.1	-10.9450990720103	13.3385828592129	81
X60.CGACCTTCAGTAACGG.1	-3.41666150683025	7.63619579641401	101
X60.CGACTTCGTTACGTCA.1	-8.13683098580686	11.6511411237156	87
X60.CGAGAAGTCTGCGTAA.1	-12.0006355131234	-0.953795217281246	80
X60.CGAGCCATCCTACAGA.1	-10.4696091422798	-1.78649720539251	120
X60.CGATCGGAGAACTGTA.1	-6.73633765982912	9.3353153591196	128
X60.CGATGGCCAATCCGAT.1	-4.43257795100422	18.0839276550574	96
X60.CGATTGACAGACTCGC.1	-5.04652329257045	10.1661609579305	117
X60.CGCCAAGCACTGCCAG.1	-5.23856131899475	7.25142369052125	115
X60.CGCTATCGTGACAAAT.1	-10.397433829588	0.902173760285254	139
X60.CGCTATCTCACTATTC.1	-12.0205154137355	13.5920404090984	90
X60.CGCTATCTCAGGCGAA.1	4.41007141081675	9.48599508177323	75
X60.CGGAGTCGTGCGCTTG.1	-10.7232446037441	11.9504395276022	142
X60.CGGCTAGCAGTGACAG.1	-3.66353241413527	14.2816463636629	132
X60.CGGGTCAGTCTGGAGA.1	-10.2861765409294	15.7113903181105	110
X60.CGTAGGCCAGTTCCCT.1	-9.56102996805779	6.38132271165252	116
X60.CGTAGGCGTCTTCGTC.1	-4.57866016302952	7.38112431215316	115
X60.CGTAGGCTCACAATGC.1	-4.84988697652571	2.71440720988099	102
X60.CGTCAGGAGTACGACG.1	-9.42826969709312	-0.837288375626114	120
X60.CGTCAGGCAATGAATG.1	-8.83803943198356	4.59533915991589	116
X60.CGTCAGGTCCTAGGGC.1	-4.91945646469202	8.45141289939882	115
X60.CGTCCATCAGTGGAGT.1	-11.323429503249	11.1030698629881	142
X60.CGTCCATTCCTATTCA.1	11.2710242565852	-14.1487469967983	91
X60.CGTCTACAGTCAAGCG.1	-9.10602849689206	12.515804153408	81
X60.CGTCTACCAAGACGTG.1	-3.12804839738589	13.5419314850533	132
X60.CGTCTACCATCCGGGT.1	-10.1684818934381	7.50242878884941	122
X60.CGTGTAAAGAGCTGCA.1	1.13985913366973	13.4225621868103	140
X60.CGTGTAAAGATCGGGT.1	-8.51376468802788	13.3136279410201	81
X60.CGTGTAACATGTAGTC.1	-3.29903344765552	14.9833208991384	132
X60.CGTGTCTAGGGAGTAA.1	-3.61250426799042	9.20360333053187	117
X60.CGTTCTGTCTTAGCCC.1	-4.47959136645315	16.8124990355692	82
X60.CGTTGGGCAGATGGGT.1	17.0548945754836	-7.03144985075045	1
X60.CTAACTTGTGGTACAG.1	-0.118379719681286	16.740827460447	98
X60.CTAAGACCACATTTCT.1	-1.59548529301562	7.25742060068776	79
X60.CTACACCAGTTGAGAT.1	-6.83856173736229	9.45213312910924	128
X60.CTACACCCAGACGCTC.1	-3.49411108777537	12.0011997642516	132
X60.CTACACCTCTATCGCC.1	5.35701898761575	8.69261812898581	75
X60.CTACATTGTCTAGAGG.1	-9.81363972814823	14.2464809313599	81
X60.CTACCCAAGCGTCAAG.1	-8.76582931487884	4.07254802797987	116
X60.CTACCCAGTGTTGAGG.1	-12.1980922644262	1.06604520250232	139
X60.CTAGCCTGTAGCGCAA.1	16.2106575264027	-6.33093422494608	1
X60.CTAGCCTTCAATCACG.1	-10.2637926987195	10.3841267725699	87
X60.CTAGCCTTCAGCAACT.1	-11.2690318806755	1.07612988879809	139
X60.CTAGTGAAGATGCCAG.1	-2.36880406527763	10.179272413234	117
X60.CTAGTGATCTGCGACG.1	-7.02723909124371	14.0182919783173	77
X60.CTCACACTCAAGGTAA.1	-9.04267964717169	5.03444463612175	116
X60.CTCACACTCTACTTAC.1	0.928829319541115	15.9697896978247	86
X60.CTCACACTCTGAGGGA.1	-7.27424815967324	7.07508623198527	129
X60.CTCAGAATCCACTCCA.1	16.7335358196039	-6.59041232976919	1
X60.CTCATTATCTTTACAC.1	-10.8700492317978	11.4066336029768	142
X60.CTCCTAGGTGTGAAAT.1	-4.2203476439265	5.55812920592453	125
X60.CTCGAAAGTGTCTGAT.1	-2.73843210821589	14.8977945671463	132
X60.CTCGAGGCATCCAACA.1	-3.94265068534413	6.15870407258168	125
X60.CTCGAGGGTCATGCAT.1	-1.42687663246152	14.6086297425946	78
X60.CTCGGGAAGGCTATCT.1	-11.523346193168	9.50358789954986	87
X60.CTCGTACCAAAGTCAA.1	-3.42246055091904	14.0935177646506	132
X60.CTCGTACCAAGCCCAC.1	18.9022170230768	-1.88538049662191	92
X60.CTCGTACGTGATGTGG.1	2.01546705188247	15.1425761339985	86
X60.CTCGTCATCACATAGC.1	-5.55911455495659	12.3435918947914	77
X60.CTCTAATAGGACACCA.1	-1.59400473970666	12.4859872894746	74
X60.CTCTACGGTAATTGGA.1	-3.8077366336675	12.3433004922788	132
X60.CTCTGGTAGTGTACCT.1	-13.8364001318083	14.2905548713925	127
X60.CTGAAACCAAAGCAAT.1	-2.96722264361236	9.0790507874766	117
X60.CTGAAACCAGCCTTGG.1	-4.00478852333736	9.19753075644108	117
X60.CTGAAGTCAAGGACTG.1	-14.8207462318785	0.521779203697759	135
X60.CTGATCCCAGGGAGAG.1	-14.1301092760901	6.08448855644273	93
X60.CTGATCCGTTACGTCA.1	-2.90154088128586	14.492082005582	132
X60.CTGCCTACAAAGGAAG.1	-0.309166938934127	12.7687465997893	74
X60.CTGCTGTAGGTGATTA.1	-0.272808225303371	13.7802059756996	78
X60.CTGCTGTCACCGTTGG.1	-3.45919876358838	2.69572257272587	102
X60.CTGCTGTGTATCTGCA.1	-1.08787248248853	14.8756382285088	78
X60.CTGGTCTTCGGAGGTA.1	-12.390338674969	5.85120408745862	116
X60.CTGTGCTAGCGTGTCC.1	-8.54657744257162	12.4920404685181	81
X60.CTGTGCTCATGCTGGC.1	17.3715997279903	7.61822866849577	121
X60.CTGTTTACAGCTGTTA.1	3.29922902002	12.7360821550437	95
X60.CTTAACTGTGACAAAT.1	-7.17812994729805	10.4867550691062	128
X60.CTTAACTGTGGGTATG.1	-9.74409649445745	3.05813676524093	108
X60.CTTACCGCAGTAGAGC.1	1.81649652572365	15.0099699074738	86
X60.CTTACCGCATGACATC.1	-3.40510542598438	10.9203903546647	117
X60.CTTACCGTCGGCTACG.1	-10.6483260327252	5.20536426385134	116
X60.CTTAGGAAGCCGTCGT.1	-7.22596140565811	14.6833932481994	97
X60.CTTGGCTGTAACGCGA.1	-4.52243716751889	13.8394191280037	82
X60.CTTTGCGAGGCCCTCA.1	-5.17824101113413	16.0977135260825	82
X60.GAAACTCCAATAGCGG.1	-12.2934008359063	6.11802265824615	116
X60.GAAATGATCCGTAGGC.1	-9.74864951078853	6.57981296803728	116
X60.GAACATCCACGTCAGC.1	-4.60881689135107	17.9066185239917	96
X60.GAACATCCATAACCTG.1	-0.202596825885144	12.6699036765577	74
X60.GAACATCTCACTTATC.1	-6.85001460428822	11.5223226239814	128
X60.GAACCTATCACTATTC.1	-10.98818867395	2.98118025769723	108
X60.GAATGAACATAGGATA.1	-3.49807099537736	12.8872421314136	132
X60.GACACGCTCTTGTTTG.1	4.05667363617469	14.0659652755429	95
X60.GACAGAGCAACTGCTA.1	-5.44303672837856	10.463190173244	117
X60.GACCTGGTCCTTGACC.1	-3.75085845915788	14.902979726743	132
X60.GACGCGTTCCGGGTGT.1	-0.246453841598039	14.3148075323351	78
X60.GACGCGTTCGGTTCGG.1	-9.44491245432968	11.9912429533617	81
X60.GACGGCTTCAGTTAGC.1	-11.7292745352129	3.6374028542931	108
X60.GACGTTACAACGATGG.1	-6.7892467058976	13.172036290092	77
X60.GACTACAGTGTGAAAT.1	-0.243630351147912	12.7599187837216	74
X60.GAGCAGACATGCAATC.1	-5.87942883261486	18.1682942104577	96
X60.GAGTCCGAGGAATGGA.1	0.0140072857150134	15.7413630368033	86
X60.GAGTCCGCACGAGGTA.1	-3.1422626319301	9.78652476335187	117
X60.GAGTCCGGTCTCCACT.1	-4.03708941487031	12.9667511891617	132
X60.GATCAGTCACTGTTAG.1	-5.80124150261275	6.90700028755539	115
X60.GATCAGTTCTACCAGA.1	-4.45466810622855	12.1872456500289	132
X60.GATCGTAAGTGAAGTT.1	-6.6974222517606	9.09310800055667	128
X60.GATCGTAGTTTGTTTC.1	-3.00956952314004	9.76572770065663	117
X60.GATCTAGTCACGCGGT.1	-6.70308959313658	14.9119724882186	97
X60.GATGAAACATCGGGTC.1	-2.20906429492679	14.4448764361789	78
X60.GATGAGGAGCATGGCA.1	-7.00415610594706	8.36803924155461	129
X60.GATGCTATCATACGGT.1	-1.12869789600297	16.2948055898728	98
X60.GATTCAGGTAGCACGA.1	-3.70411207260517	0.736654173374908	99
X60.GCAATCAAGTTACCCA.1	-0.439929280526372	14.2921505083517	78
X60.GCACTCTTCATTCACT.1	-2.83113057916609	8.91591240022133	117
X60.GCAGCCATCTGTGCAA.1	-12.6156412545667	12.0975264988848	142
X60.GCATACAAGATGTTAG.1	-6.34464315981829	16.9417437587909	97
X60.GCATGTATCAACGAAA.1	-1.16477400356515	15.3296872364442	78
X60.GCCTCTAGTACAGACG.1	-4.19397447737693	11.017606838536	117
X60.GCGACCACACGAAGCA.1	-10.4728670667487	13.8006589859936	81
X60.GCGAGAAAGAGTGACC.1	2.12545129074279	15.3035860744283	86
X60.GCGCAGTAGAGCTATA.1	-11.3883168462101	7.58292620810127	122
X60.GCGGGTTAGATAGCAT.1	-10.9957267423931	17.3399319423768	110
X60.GCTCCTACAATGAATG.1	-8.42390992862238	2.12996773821227	71
X60.GCTCCTAGTGAAAGAG.1	-6.67293195076942	15.7442774808291	97
X60.GCTCTGTCAGCGTAAG.1	-4.4271469140529	9.71374357964132	117
X60.GCTGCAGTCCGAACGC.1	-14.9007780548192	8.9128891685085	106
X60.GCTGCTTAGTCGATAA.1	-11.9623268980062	16.5049494502089	110
X60.GCTGCTTGTCATGCAT.1	-10.8662449198883	11.666201130753	142
X60.GCTGCTTTCTTCATGT.1	-4.64401485623265	15.2590567659353	82
X60.GCTGGGTAGGCGCTCT.1	-5.65365608106127	9.13067026595605	115
X60.GCTGGGTCACCACGTG.1	5.18824283265335	9.89735785231873	75
X60.GCTTGAAGTCTGCCAG.1	-3.81317536470506	6.19588682365812	125
X60.GGACAAGGTGACTACT.1	-12.0485693775526	-2.88949685096079	100
X60.GGACATTTCACTTATC.1	-6.6075155655979	9.92022303467476	128
X60.GGACATTTCCGAAGAG.1	-3.13034549337822	7.81688807472811	101
X60.GGACGTCTCATTGCCC.1	-1.08459483432393	13.4063130146837	78
X60.GGATGTTAGTTACCCA.1	-12.7605455066044	9.53795022836406	142
X60.GGATGTTGTCATCCCT.1	0.725210695969238	13.2663785064064	140
X60.GGATTACAGCTGTCTA.1	2.26596476679647	13.4730123982729	140
X60.GGCAATTTCTGCGTAA.1	-11.1997795389346	13.8158083343102	81
X60.GGCGACTAGGCCCGTT.1	-4.08352342067511	15.7000167814484	82
X60.GGCGACTGTTCCGTCT.1	1.60251025378985	5.86074299223608	10
X60.GGCTCGAAGGAGCGAG.1	-10.6976384956705	7.76825715945709	122
X60.GGCTGGTCAAAGTCAA.1	-1.59241125145444	16.7601834183828	98
X60.GGCTGGTCAGTTTACG.1	-3.10163308445707	10.9739145313079	117
X60.GGCTGGTCATGATCCA.1	-7.96395018274455	16.1880255839452	97
X60.GGGACCTAGTTAAGTG.1	-4.0868723386357	13.1013169034694	132
X60.GGGACCTTCCGCGCAA.1	17.2208071271642	7.09220965812177	121
X60.GGGCACTTCCTAGGGC.1	-14.8821274446255	8.95974403888476	106
X60.GGGCATCCAGCTATTG.1	-8.41052602822993	17.1625768329224	97
X60.GGTGAAGTCACCTCGT.1	-0.581042243728935	14.6982070590554	78
X60.GGTGCGTCAAGTTAAG.1	-5.85201086910828	1.30237456979235	102
X60.GGTGCGTGTCACTGGC.1	0.602223537976667	15.1424177921831	86
X60.GGTGCGTGTGCAACGA.1	-0.0737382361089968	15.4842484371239	86
X60.GTAACTGAGCCGTCGT.1	-9.07781515198323	11.0764568000174	87
X60.GTAGGCCAGCGATAGC.1	-3.27325894397932	11.0164674684804	117
X60.GTAGGCCGTAAGCACG.1	-7.23941788724742	12.9387870063154	77
X60.GTAGTCACACTACAGT.1	-8.44354214300169	17.6888647276694	97
X60.GTATCTTAGATTACCC.1	-12.0706928315301	12.0111665496651	142
X60.GTATCTTAGCCAGGAT.1	-0.71299867819787	11.5179364983602	74
X60.GTATCTTAGGCTAGCA.1	-6.72706461074306	3.04114104737888	113
X60.GTATCTTCAGAGCCAA.1	-7.54507080516889	9.85728397227643	128
X60.GTCAAGTGTCCCGACA.1	-5.47224669190688	11.3540483946887	117
X60.GTCACAAGTAGCGTGA.1	4.27384085576073	10.6655402014764	75
X60.GTCACAAGTCGTGGCT.1	-6.96425098705509	15.6565255326847	97
X60.GTCACGGAGGCTACGA.1	-1.05389682277702	14.1610429218747	78
X60.GTCATTTAGGGCTTGA.1	-12.3727375587652	8.24564344527489	104
X60.GTCCTCAAGACTAAGT.1	-13.8921662400611	3.07720398814766	105
X60.GTCCTCACATAAGACA.1	-15.3360432240837	8.90524125665647	106
X60.GTCGGGTAGACAATAC.1	-8.47444888308447	16.2172407730277	97
X60.GTCGGGTAGCCCTAAT.1	5.24645179178073	10.7158209463308	75
X60.GTCGGGTAGCGTCAAG.1	4.97689116547217	5.41133449655973	107
X60.GTCTCGTTCCGCATAA.1	2.05021893722355	14.4844188767459	86
X60.GTGCAGCAGCTAGGCA.1	-5.68901870738668	5.64654824552319	109
X60.GTGCGGTAGCTGGAAC.1	-6.13394465388322	5.2328263055009	109
X60.GTGTGCGAGCTCCTCT.1	-10.2659993694363	2.77514757270612	108
X60.GTGTGCGAGGCGTACA.1	-1.63027944005012	16.4406079846635	98
X60.GTGTGCGAGGTCGGAT.1	-8.76554734361017	14.7875869927746	81
X60.GTGTGCGCACATGACT.1	-12.7334732211602	2.10936084711872	105
X60.GTGTGCGGTAGCGCAA.1	-11.2593352385139	6.20419309300532	116
X60.GTGTGCGGTGTCAATC.1	-3.5015923329455	10.2407492042579	117
X60.GTGTGCGTCTGCGTAA.1	-2.38224501862479	15.4629629714646	132
X60.GTGTTAGCACAACTGT.1	15.0698675745502	4.45864196117611	124
X60.GTTCGGGTCGCTAGCG.1	-6.0629298097025	7.67841680277307	129
X60.GTTCGGGTCGGACAAG.1	-11.0211971632226	4.4710319178432	108
X60.GTTCTCGAGCACACAG.1	-5.40767863990062	9.59961174784853	117
X60.GTTCTCGTCAGGATCT.1	3.6365496567581	3.3690137019213	118
X60.GTTCTCGTCGATGAGG.1	1.00529710898034	15.8891321875997	86
X60.TAAACCGCATGCAACT.1	-2.50881581504457	13.7621259413769	132
X60.TAAGAGAAGGCGACAT.1	-11.0428929378148	12.7953220523581	81
X60.TAAGCGTAGCCAGTAG.1	-3.199943732801	15.1676770399257	132
X60.TAAGTGCGTAGTGAAT.1	-8.27476252604368	15.8622948150684	97
X60.TACACGACAGTACACT.1	0.687412166062275	13.3851861922045	140
X60.TACCTTATCGGCTACG.1	-4.13463959677213	13.4666154705152	132
X60.TACGGATAGACATAAC.1	-0.994377950519977	7.82597883621299	79
X60.TACGGGCCACCAGTTA.1	-1.55357423423073	9.69085301431248	134
X60.TACTCGCAGTTTAGGA.1	-12.3002024893058	8.38747436375096	104
X60.TACTCGCTCTTGAGAC.1	-3.42331468439213	16.3245387060304	89
X60.TACTTGTGTTCCATGA.1	-0.983778176976094	15.1106638928572	78
X60.TAGCCGGCAGCCAATT.1	-5.94981539264974	6.97780831999746	115
X60.TAGCCGGGTCTAGCCG.1	16.2103113540834	-1.0619377970209	112
X60.TAGCCGGGTTTAAGCC.1	17.0504142274387	-7.81804845480229	1
X60.TAGGCATAGAAGAAGC.1	-5.62633766915998	6.10412542439615	109
X60.TAGGCATCAGTCACTA.1	-11.9552218254681	16.4819571730051	110
X60.TAGTTGGCATAGTAAG.1	0.88674616408287	16.2183559592316	86
X60.TAGTTGGGTGGCCCTA.1	-11.4358924572137	-5.92352442963127	111
X60.TATCAGGAGGCACATG.1	-3.39091172141066	15.210399788882	132
X60.TATGCCCAGCGTTCCG.1	15.9212633932758	-6.21313194097216	1
X60.TATTACCAGTAGATGT.1	16.1901801443024	-1.06660236652042	112
X60.TCAACGAGTTTCCACC.1	-8.78282197213221	12.5711476073359	81
X60.TCAATCTCACGGTAGA.1	-6.82501813194553	2.63931501145325	113
X60.TCACAAGAGATCGATA.1	-10.8011437514591	8.1157891614247	122
X60.TCACGAATCGTGGTCG.1	3.51212799128703	12.2162144646228	95
X60.TCAGATGAGAAACCTA.1	-13.3793400613851	2.74158318081199	105
X60.TCAGATGGTACTTGAC.1	-8.26102421559189	6.06674816393133	109
X60.TCAGCAACAGCTTAAC.1	-10.0306240809645	16.8538635796654	110
X60.TCAGCTCCAATCAGAA.1	-3.30705141755211	9.43201581741529	117
X60.TCAGGTAGTACTTAGC.1	15.4143123942215	4.70229097071155	124
X60.TCAGGTATCGTTACGA.1	-10.7292979527617	-12.4072992696069	18
X60.TCATTACCACACCGCA.1	-8.87112158874893	8.03122704073283	129
X60.TCATTTGGTAGCGTCC.1	-12.4553468660839	8.23904212575894	104
X60.TCCACACCAGCGAACA.1	-5.46320109319561	15.1747868544626	82
X60.TCCCGATTCGCCAGCA.1	-5.59372424651879	8.74143890319148	115
X60.TCGAGGCTCGACCAGC.1	-6.76458457222537	5.97493106158452	109
X60.TCGAGGCTCGCCCTTA.1	16.862501353155	7.39377072661909	121
X60.TCGGGACGTTACGGAG.1	-14.7358833916882	1.67985111978853	135
X60.TCGGGACGTTCCGTCT.1	-6.7554787604257	0.485756301836419	71
X60.TCGGTAAAGAGGACGG.1	-13.2434266191562	3.18233671719322	105
X60.TCGTACCAGCTAACTC.1	-3.84178226127706	8.90263783228455	117
X60.TCGTACCGTTCCACTC.1	-13.482202779527	9.8175691308066	142
X60.TCGTAGAGTGGGTATG.1	-4.54737577594692	8.12591053598704	115
X60.TCTATTGTCCGTACAA.1	1.56568926426551	14.4723976034538	86
X60.TCTGAGAAGCTAACTC.1	-2.7150097058319	13.9656668828431	132
X60.TCTGAGATCCTGCTTG.1	-1.1409948578705	14.4858314766678	78
X60.TCTGGAACAATCAGAA.1	16.0322861582348	-6.17143946466637	1
X60.TCTGGAATCACTCTTA.1	-3.67863336526477	14.1000888408618	132
X60.TCTGGAATCTGGTATG.1	11.7851117496547	2.14032352217945	52
X60.TCTTTCCAGTGTTAGA.1	-10.5088468374852	8.85674496857094	122
X60.TGACGGCTCCCACTTG.1	-6.02438065004515	6.6097596454564	115
X60.TGACTAGTCTACTTAC.1	-3.39340630854761	17.1431910742071	89
X60.TGACTTTCATCACCCT.1	-4.17630891777273	14.201449393036	82
X60.TGACTTTTCTCAAACG.1	-2.25335393739572	8.95815838085631	134
X60.TGAGAGGCATGCCTTC.1	-10.5797752032441	5.13439733270399	116
X60.TGAGCCGGTAAATACG.1	-3.76167271852226	9.5298268600105	117
X60.TGAGGGAAGCGGATCA.1	-13.2482866577349	1.70928280014106	105
X60.TGATTTCGTACCCAAT.1	-5.98073845679324	3.02426767857427	113
X60.TGCACCTCAAGTTCTG.1	-7.84780854718138	12.5823260323622	77
X60.TGCACCTCAGTTTACG.1	-14.0474644524486	1.10792950228768	135
X60.TGCACCTGTCAGAATA.1	-12.3696650484822	6.49531291305901	116
X60.TGCCAAAGTTAGAACA.1	-6.68994404478828	11.0953559734092	128
X60.TGCCCATAGACCTAGG.1	-6.75287569856568	10.7647881348167	128
X60.TGCCCATAGGAATTAC.1	-7.40280325427504	8.61824678313049	129
X60.TGCCCATAGTGGACGT.1	14.7283280173116	-4.87276031449743	137
X60.TGCCCATTCCGTTGTC.1	-5.00537992908171	4.21555285920271	125
X60.TGCCCTAGTGAACCTT.1	-3.72237808333846	10.1938581335134	117
X60.TGCGCAGGTATTAGCC.1	-2.77976228988912	10.2709430960706	117
X60.TGCGTGGCACGTAAGG.1	-12.5614334834821	-0.518812773624621	80
X60.TGCGTGGGTGATGATA.1	-7.50816902710881	12.4508541893326	77
X60.TGCTACCTCAGTTTGG.1	-10.3013285621784	2.00859294543697	108
X60.TGCTGCTGTCCTCCAT.1	-13.2529544409028	8.20844562661992	104
X60.TGGCGCAAGGGTCGAT.1	-2.66780003617636	8.31542754293723	101
X60.TGGCTGGCAAACCCAT.1	-4.37297757001958	15.724894389448	82
X60.TGGGAAGAGAGAGCTC.1	-4.82909858985034	1.19636229650473	102
X60.TGGGAAGCAGCCTGTG.1	0.593677090300773	9.58535241479126	134
X60.TGGGCGTCAAGACGTG.1	-0.916591862379844	10.3015139064275	74
X60.TGGTTCCAGGGCTTCC.1	-2.88486535213444	18.6110249379345	89
X60.TGTATTCAGGAACTGC.1	-6.59480788018711	0.428204090131145	71
X60.TGTCCCAAGTCCCACG.1	4.87395426599192	9.60315683561569	75
X60.TGTGGTATCCGTCAAA.1	-8.50827856834794	11.4892049911584	87
X60.TGTGTTTAGGCGACAT.1	16.6800518476216	-6.53252816266382	1
X60.TGTTCCGCATGTCCTC.1	-12.0756253695684	6.57491125489151	116
X60.TTAGGCACAATTCCTT.1	-10.929026986257	4.14360342596604	108
X60.TTAGGCATCTCCAGGG.1	-13.2142504153396	5.56710009528575	93
X60.TTATGCTGTCGACTAT.1	-2.53169830967706	13.497148345482	132
X60.TTATGCTGTGAGCGAT.1	-3.48435437902407	15.9462637497922	89
X60.TTCCCAGCATGGATGG.1	-1.27350013814328	8.68251117876183	134
X60.TTCGGTCAGCGTAGTG.1	-6.71728291105174	12.2998900783056	77
X60.TTCTACACATTTCAGG.1	-10.7215587421112	8.48672567046248	122
X60.TTCTACAGTACCGTTA.1	-10.6059711180596	10.2615024407898	87
X60.TTCTACATCGTTGACA.1	-4.05645266767173	11.2636945298051	117
X60.TTCTCCTAGAGACTTA.1	-1.45299117642638	7.03969377550997	79
X60.TTCTCCTCATCACCCT.1	-3.21067025844558	13.4130442779934	132
X60.TTCTTAGAGAGACTAT.1	-13.8687110113479	2.20121448308979	105
X60.TTCTTAGCAAGAAGAG.1	-11.3223004723167	7.29402411869769	122
X60.TTCTTAGGTACTTGAC.1	-6.65148242260303	13.3884161770382	77
X60.TTGAACGCAGACAGGT.1	17.3698043876069	-7.0908271485529	1
X60.TTGAACGTCTGCAGTA.1	16.7009364646319	-6.33370139844967	1
X60.TTGACTTCACTCAGGC.1	-9.23041814214927	9.74820510550034	87
X60.TTGACTTTCGCACTCT.1	-8.74898079627462	15.0749922035623	81
X60.TTGGCAAAGAGCTGGT.1	-10.2880346124682	-6.20523076403958	126
X60.TTTACTGAGCTATGCT.1	0.736630885150024	13.4775747792213	140
X60.TTTACTGAGTGAAGTT.1	-10.5583471361168	10.7525401309676	87
X60.TTTATGCTCAGTTGAC.1	-5.72719223382459	11.4645538058004	117
X60.TTTCCTCCAAGAAGAG.1	-13.0508979710432	2.17666590633085	105
X85.AAAGATGCACATTCGA.1	-10.1210407410468	1.0320782558156	139
X85.AAATGCCCACGCCAGT.1	-13.243705403794	0.699885929447166	139
X85.AAATGCCGTCGAATCT.1	14.7666051974912	4.66188383648223	124
X85.AACTCCCTCCATGAGT.1	-6.40697584875259	11.5715490142783	128
X85.AACTCTTGTCCCTTGT.1	-6.38122093605816	15.6721702082654	97
X85.AAGACCTCACAGCGTC.1	-2.14082494603962	3.36692093668078	143
X85.AAGCCGCCAAGTAATG.1	-5.72524221786343	8.08608367303966	115
X85.AAGGAGCCAGTACACT.1	-15.6724921367148	5.48998782584482	119
X85.ACACCAATCGGAAATA.1	-3.56725398396934	14.9718256320709	132
X85.ACAGCCGAGGGATCTG.1	-10.5588612859857	8.19108776789016	122
X85.ACCGTAAAGTACATGA.1	-14.60923745557	-5.95698756995934	76
X85.ACGAGCCTCAATAAGG.1	3.04283382567869	-1.62607332058015	51
X85.ACGATGTGTGCCTGCA.1	-10.871392703622	-1.78229123941998	120
X85.ACGCCAGGTCAGAATA.1	-7.17871725971051	4.96762172698809	109
X85.ACGGCCAAGCATGGCA.1	-4.8667325229416	16.7448661114984	82
X85.ACGGCCAGTCTTGTCC.1	-8.64414642439819	11.633481162669	87
X85.ACGGGTCCAACGATGG.1	-7.20058206364418	-1.45708015470293	22
X85.ACTTACTGTAAGAGAG.1	18.8397135702858	7.71265477806835	121
X85.AGAGCGATCTCGCTTG.1	17.0632145960287	-8.07674637856757	1
X85.AGCAGCCCAATTCCTT.1	-9.74942618712434	7.48761920308154	122
X85.AGCGGTCTCGAACGGA.1	-7.63131262363824	3.66372027262317	113
X85.AGCTCTCTCGCCAAAT.1	16.2393303987231	-6.71426078691027	1
X85.AGGCCACGTTGCGTTA.1	-8.9751876881409	8.96274961921574	87
X85.AGGGATGGTTACCGAT.1	0.536800129195997	15.0457747373418	86
X85.AGGGATGGTTGTGGAG.1	-3.52867772876596	2.59928457749433	102
X85.AGGGTGAAGACACGAC.1	-14.2127971288524	-3.21579691461595	123
X85.AGGGTGAAGCTTCGCG.1	-8.81350942947395	4.23471185558133	116
X85.AGGTCCGAGGACATTA.1	-2.64191984227907	12.5555370421643	74
X85.AGTAGTCTCCTAGTGA.1	17.6572701446838	7.10681036684198	121
X85.AGTGAGGCACAACTGT.1	-0.644329615323062	11.4350663383116	74
X85.AGTTGGTAGGAGTTTA.1	16.4801152132694	5.54312260089674	124
X85.ATAACGCAGCTAACTC.1	14.7472856394142	4.45445287489036	124
X85.ATTCTACGTTGGGACA.1	-4.0553543411693	7.58154178157601	115
X85.ATTGGACTCAAGCCTA.1	-7.97359434096688	7.66673514699313	129
X85.ATTGGTGCATTGGCGC.1	-3.60209602005877	4.42252490026197	125
X85.CAACCAACAGACGTAG.1	-5.87503160506406	2.91583988619293	113
X85.CAACTAGGTTAAGACA.1	-14.1791102474918	14.2992750988281	127
X85.CAAGTTGTCACCATAG.1	-6.82260448716443	11.0302707310701	128
X85.CACAAACTCTATCCCG.1	-6.36035988890543	7.82168465483402	129
X85.CACAAACTCTCGTTTA.1	17.9534033374597	7.28313481234616	121
X85.CACATTTGTGCGATAG.1	2.23497555436268	13.2581193801344	140
X85.CAGAATCGTTATTCTC.1	0.738375822127055	4.16533035910439	130
X85.CAGAGAGCACGGTAAG.1	-7.56571934210752	7.04483492246983	129
X85.CAGAGAGTCCTACAGA.1	-12.7002832374666	11.9485440569081	142
X85.CAGATCACAGGTTTCA.1	-10.9796537325166	8.9971643596361	122
X85.CAGCCGACACGCGAAA.1	19.2786659607566	7.26801615736144	121
X85.CAGCTGGCATCGGAAG.1	-1.07738036531183	13.5358397875876	78
X85.CAGGTGCTCAACCATG.1	-6.81716822386204	14.6926305872996	97
X85.CAGTCCTTCTCAACTT.1	-8.81895886112613	6.93695659143872	129
X85.CATCGAAAGCCGATTT.1	-6.30655636562046	11.1376190785771	128
X85.CCACTACAGTCTCAAC.1	-12.1869974064384	15.6210968934465	110
X85.CCATTCGTCAGGATCT.1	-5.41915105146044	13.6947067558034	82
X85.CCCATACCATGCCACG.1	16.7350548596383	-7.76396512999532	1
X85.CCGGGATAGATGCCAG.1	-3.55931416092145	15.1005889617466	132
X85.CCGGTAGCATGAAGTA.1	-14.3034522883238	-6.3232230889171	76
X85.CCGTGGAAGCAGCCTC.1	-13.0467530722447	8.41709930059566	104
X85.CCGTTCAAGTGCGATG.1	-8.88620188570663	7.47459541423538	129
X85.CCTAAAGTCAGTGCAT.1	15.9812995846733	-7.38198102994833	1
X85.CCTAGCTGTGCCTGTG.1	18.8913997442423	7.03767070826715	121
X85.CCTAGCTTCTTGCAAG.1	-6.62469365324047	12.5926905079898	77
X85.CCTATTATCCAGTATG.1	18.428868501826	7.09111072589687	121
X85.CCTCAGTTCACAAACC.1	-9.94211967510095	3.40434175465114	108
X85.CCTCTGACACACAGAG.1	-2.50790221473339	12.6760589821006	74
X85.CCTTACGTCAACGAAA.1	1.90273469060522	11.5904449161601	140
X85.CCTTTCTAGCTGAAAT.1	-11.6321875772345	2.55161801501421	108
X85.CGAATGTAGACTAGGC.1	17.7634748032683	7.23738735534882	121
X85.CGAGAAGGTAGGAGTC.1	-2.80132458014601	15.4136660120493	132
X85.CGATGTAGTGGCAAAC.1	15.1197202485996	4.63246084517336	124
X85.CGCGGTAAGATGTGGC.1	-8.47166595926508	2.03111082839865	71
X85.CGGACACCACAAGACG.1	-6.39414460594093	3.45377001498708	113
X85.CGGACGTCATCTACGA.1	-6.84599395988867	15.0410842253706	97
X85.CGGAGTCTCCTTGGTC.1	-8.21299492276987	9.24945040007808	87
X85.CGTCACTGTCTTGTCC.1	16.2070894712605	-7.67796668409456	1
X85.CGTCCATGTTGGAGGT.1	-10.6506270949058	3.6699582210871	108
X85.CGTGTAATCAATCTCT.1	18.1103843883811	7.29488590029235	121
X85.CGTTCTGTCAGCGACC.1	4.26383131640362	6.94009522092044	107
X85.CTAAGACCAAGGACAC.1	13.4107454959194	-12.78901195161	133
X85.CTACATTTCATTCACT.1	-2.57955750216364	6.01119320947429	125
X85.CTACGTCAGGGATGGG.1	0.695662066551948	9.37550138285104	134
X85.CTAGCCTGTACAAGTA.1	0.841044823062418	14.6429519827911	86
X85.CTCATTAAGGTGATTA.1	-11.3763651627468	14.2284757257721	81
X85.CTCCTAGTCGGCTACG.1	-2.875010811252	18.9041037736833	89
X85.CTCGAAATCACGACTA.1	18.0872343618506	7.26661054834107	121
X85.CTCGTACAGGAACTGC.1	-5.27844607812928	17.3567653888581	96
X85.CTCGTACCAAACGCGA.1	-7.94382488210597	10.9682871877975	87
X85.CTCTACGAGCGCCTTG.1	-9.29495264552781	2.25611459028611	108
X85.CTCTGGTTCCCAAGTA.1	16.9377209375998	7.23112029464238	121
X85.CTGAAGTTCCGGCACA.1	1.42501747031692	16.2537686929471	86
X85.CTGCCTATCACGATGT.1	-12.2616753353244	-3.05802925830073	100
X85.CTTACCGTCGTTGACA.1	-9.23529019119369	9.37447985139328	87
X85.GAAACTCAGTGTTGAA.1	-14.6360303929746	0.696414826470061	135
X85.GAACATCCAATCAGAA.1	-15.2281653237246	1.04920156793369	135
X85.GAACCTACATAGAAAC.1	1.21729365847364	11.4404403756889	140
X85.GACAGAGGTTCACCTC.1	-5.43692147186741	10.2382597454213	117
X85.GACCTGGTCGGCATCG.1	17.1740039784029	6.82452406146939	121
X85.GACGTGCGTAAGGGCT.1	-4.88766833980377	13.8042460050164	82
X85.GACGTTACAGGTCCAC.1	15.754407322513	-4.81799335585677	137
X85.GAGGTGAAGTCGCCGT.1	17.3020633290404	6.92109556737058	121
X85.GAGGTGAGTAGAGCTG.1	-4.04523855255852	12.934099604487	132
X85.GAGTCCGGTCTAGCGC.1	17.5334457382146	7.15737230969609	121
X85.GATCGCGAGGGTTTCT.1	-10.7547468775009	7.58738397195214	122
X85.GATCGTACAATGAATG.1	-0.383181473678977	14.2260842635457	78
X85.GCAGCCAGTCTAAACC.1	8.50606362447059	-13.3831133360282	11
X85.GCATGTAGTCCAGTAT.1	-9.6808368811736	13.9982496376804	81
X85.GCGCAACTCAACCATG.1	0.31589174913071	12.2191445561044	74
X85.GCGCAGTAGCGTTCCG.1	0.794825108981084	11.5890688413901	140
X85.GCGCCAAAGAAACGCC.1	-8.80657392869376	0.537268324406486	71
X85.GCTCTGTAGACTTTCG.1	-15.2003313594259	7.1193502911518	119
X85.GCTCTGTAGTGAACAT.1	-15.0308350452912	7.20050461102714	119
X85.GCTCTGTCACGGTTTA.1	14.7374750392242	-4.5471530231759	137
X85.GCTCTGTGTGTGAATA.1	-14.967549860099	0.219781205082473	135
X85.GGATTACAGACTAAGT.1	-7.29808411524824	9.9439944645266	128
X85.GGCGACTTCTCTGCTG.1	-14.8793881693753	11.7561432355507	138
X85.GGCGTGTCACCTGGTG.1	-9.84611655958187	3.75135788088953	108
X85.GGCTGGTGTCATCCCT.1	-9.64654304593809	5.5619704012202	116
X85.GGGACCTGTTGCTCCT.1	-2.8650542389739	14.1272669428715	132
X85.GGGAGATGTATTCGTG.1	-7.27474939143311	11.0620017068672	128
X85.GGGTCTGGTAAGAGGA.1	19.4685265862629	7.17708174659894	121
X85.GGGTTGCCACGCATCG.1	-8.06069762742239	1.43469458402004	71
X85.GTATTCTGTCCCTTGT.1	-11.0536469849149	13.6726977216639	81
X85.GTCAAGTTCACCACCT.1	16.0656547348375	-7.25022635715238	1
X85.GTCGGGTTCAGAAATG.1	-14.7644136264456	11.8001297918111	138
X85.GTGAAGGGTTCGTGAT.1	-10.7180154222267	6.37803703880843	116
X85.GTGCGGTGTCTAAACC.1	-11.2391988067244	1.12077856307807	139
X85.TACACGACAAGTCTGT.1	-12.3725343820713	10.5661615183324	142
X85.TACCTTAGTGTGAATA.1	1.61443239588678	11.5794822973661	140
X85.TACGGTAGTCTAGCGC.1	2.22849087669829	11.7083651916973	140
X85.TACTCATAGCACACAG.1	2.27035705850024	8.82496029593191	141
X85.TACTCATAGCAGCCTC.1	-13.417776633599	10.5655302345733	142
X85.TATCAGGGTTCGTCTC.1	-8.55300936996518	-0.947878626486484	120
X85.TCAGCTCGTAAAGTCA.1	18.038049786521	7.33147784142536	121
X85.TCAGGTAAGCGCTCCA.1	-7.69079862913767	8.76241311881165	129
X85.TCGAGGCAGATTACCC.1	16.0865496151797	-7.70763554924279	1
X85.TCGCGAGAGAGCTTCT.1	-9.58685393883897	3.10518815999018	108
X85.TCGGGACAGTACATGA.1	0.2026880972943	11.689349708828	74
X85.TCGTACCTCTGCTTGC.1	-5.05007835841656	14.307701612133	82
X85.TCGTAGATCAGGCCCA.1	16.9948124309087	6.47568693533152	121
X85.TCTGGAAAGTTACGGG.1	2.08987902837562	-3.97534847380811	51
X85.TCTGGAACAGATGAGC.1	14.9906532208585	4.3715453155732	124
X85.TCTTCGGGTTACGTCA.1	15.3057862058539	-5.56597664581835	137
X85.TGACAACCAAGGGTCA.1	-14.7067471391552	-2.30987551704596	123
X85.TGACTTTAGGAACTGC.1	-12.2588078500188	10.4131752238991	142
X85.TGACTTTCACAGCGTC.1	-6.46527139203969	-9.29182092320329	39
X85.TGAGCCGAGAAGATTC.1	-0.728124335209931	17.0557691678477	98
X85.TGCCCTAGTCCAAGTT.1	-11.9311048100462	-1.00346454717661	80
X85.TGCGTGGGTAGGGTAC.1	17.4493364602281	6.75375964879065	121
X85.TGCTGCTTCACCACCT.1	15.9852117852558	-7.89504286892754	1
X85.TGGGAAGCAATAACGA.1	-2.78351230897169	12.8416609576501	74
X85.TGTATTCGTCCTGCTT.1	-3.2156173399083	-17.9240431643054	84
X85.TTAGGACAGAGGACGG.1	-8.77783196340081	10.4016323999709	87
X85.TTCCCAGAGTGGAGTC.1	-5.03583857982446	12.5396399029705	132
X85.TTCTTAGGTACGCTGC.1	18.1209508965059	6.60345655498334	121
X85.TTGACTTCACTGAAGG.1	-9.2667084856746	-0.882281484287028	120
X85.TTGACTTTCTATCCCG.1	-9.76472364962502	9.08198490549079	87
X85.TTGGAACCATCTACGA.1	-8.96375255094897	10.7734003717207	87
X85.TTGTAGGTCCTGCAGG.1	-6.16258959395586	5.34965872369637	109
X85.TTTGTCATCGTCCAGG.1	-2.15426586531595	3.31081329111409	143
