V1	V2	cluster
X00.AAAGATGCACATAACC.1	-4.02085850041344	1.21241981185012	1
X00.AACACGTAGCGAAGGG.1	1.08331773615292	1.08298981849059	3
X00.AGATCTGCATGGGAAC.1	-2.97054990833931	-0.13009647371275	2
X00.AGCAGCCAGAGTAATC.1	-2.18629972527803	0.465832340671229	2
X00.AGTGGGATCTCGCATC.1	2.3607685329153	2.4642280649539	3
X00.ATCGAGTGTCCTCCAT.1	0.00102239811642877	0.684400855421788	3
X00.CAACCTCCAATCAGAA.1	0.999004868628642	3.69157686191869	3
X00.CCTTCGAAGTTCGCGC.1	-1.21217381467105	0.455597159610475	2
X00.CGTGTCTCATATGGTC.1	0.981895294667197	2.3375396014605	3
X00.CTGCGGATCTCTGTCG.1	-2.60744908323786	1.80718988908354	2
X00.GACGGCTTCCGTCATC.1	-2.33124311900084	4.20005842597797	4
X00.GATCGATTCATGCTCC.1	-1.90332091077779	-1.02052540492259	2
X00.GCATGCGCATTAGGCT.1	-0.476273105587915	2.55959350702207	4
X00.GCTGGGTGTCACACGC.1	-1.11047310657122	1.60798592571348	3
X00.TACGGATCACATTAGC.1	-0.0403622661360782	1.55288138186288	3
X00.TACTTACAGGAATTAC.1	-0.797380219282462	-1.80563507205771	2
X00.TCAGATGAGCTGTCTA.1	0.232081513595002	-0.324243093897205	2
X00.TCGCGAGCATTTGCTT.1	-1.00925181599632	-0.426608501080527	2
X65.AAGCCGCCATTGAGCT.1	-3.80711426070356	3.06064546689137	1
X65.AAGGTTCGTTGGGACA.1	-2.0264734531296	2.86223537422891	4
X65.ACACCAAGTCGACTAT.1	0.844632793773522	-4.56204034910176	5
X65.ACCGTAATCTGTCTCG.1	-0.424455654103686	0.828804810183177	2
X65.CCTTACGCAGCTTAAC.1	-0.607999573204698	4.98607356932512	4
X65.GGGTTGCCATTAGGCT.1	-1.5643998387374	3.08123373503137	4
X65.TCATTTGCATCTCCCA.1	-1.3784734516203	3.66139274462074	4
X60.AAACCTGGTCAAACTC.1	1.38808880367396	-1.6435068229053	5
X60.AAAGTAGTCTGCAGTA.1	2.56710776468739	-4.23005114109564	5
X60.ACACCAATCACTCTTA.1	2.39249274969582	-2.61627207152051	5
X60.ATCCGAACAATGTAAG.1	1.45328667750705	-2.35471904354769	5
X60.ATGCGATTCACATAGC.1	2.88337414258643	-2.8996194391433	5
X60.CCCAATCAGGTGTTAA.1	0.654741740528471	-2.16705498291112	5
X60.CTACCCAAGATAGCAT.1	3.00179261939711	-1.5792397123935	5
X60.CTCCTAGTCCAGGGCT.1	-1.537850406663	-3.31298268975006	2
X60.CTCGTCATCTAACTTC.1	2.93281839561623	0.723189421620542	3
X60.CTGCCTAAGCCACCTG.1	-0.505636467925639	0.0551999053155892	2
X60.GATCGCGTCAACGCTA.1	3.78213086444278	-1.03845079251326	5
X60.GGGTCTGGTAGAAGGA.1	-3.36711123094312	-1.98203765877644	2
X60.TACGGTATCCCTAACC.1	1.38828810913457	-3.16409448381608	5
X60.TGTGGTACATTTGCCC.1	1.6261881191213	-2.30103389885499	5
X60.TTCTACATCCTTCAAT.1	0.22031837197953	-3.24955197469647	5
X85.GCGCCAAAGGTGCAAC.1	1.30209230840674	-0.185269488585892	3
X85.GCTCCTAAGGTTACCT.1	4.2668899542868	-3.19886731744115	5
X85.TGGTTAGAGCACCGCT.1	-0.477183846589876	0.810831741469882	2
