c.number	xy.region	minute
10	1	29.5833333333333
10	10	9.51666666666665
10	20	7.45000000000005
10	30	3.25
10	40	2.85000000000002
10	50	2.5
10	60	2.33333333333337
10	70	2.2166666666667
10	80	2.23333333333335
10	90	2.20000000000005
10	100	2.08333333333337
10	200	2.23333333333335
10	300	18.6833333333334
10	400	69.1833333333334
10	500	133.916666666667
20	1	36.1000000000001
20	10	17.2333333333333
20	20	14.2
20	30	11.3333333333334
20	40	6.88333333333333
20	50	3.81666666666672
20	60	2.61666666666667
20	70	2.36666666666667
20	80	2.38333333333333
20	90	2.23333333333335
20	100	1.88333333333333
20	200	2.45000000000005
20	300	17.4833333333333
20	400	61.45
20	500	119.966666666667
30	1	39.0833333333333
30	10	21.45
30	20	18.7333333333333
30	30	13.2833333333333
30	40	7.16666666666663
30	50	6.13333333333333
30	60	4.31666666666672
30	70	4.81666666666672
30	80	2.30000000000007
30	90	2.30000000000007
30	100	2.18333333333339
30	200	2.36666666666667
30	300	17.8833333333333
30	400	69
30	500	138.083333333333
40	1	38.5
40	10	22.0666666666666
40	20	17.4166666666666
40	30	14.1833333333334
40	40	8.7166666666667
40	50	6.33333333333337
40	60	6.39999999999998
40	70	5.01666666666665
40	80	2.23333333333335
40	90	1.93333333333328
40	100	2.26666666666665
40	200	2.5
40	300	22.5166666666668
40	400	70.1999999999999
40	500	139.066666666667
50	1	39.2499999999999
50	10	23.2833333333334
50	20	20.5166666666668
50	30	14.9833333333332
50	40	10.6333333333333
50	50	7.9666666666667
50	60	6.63333333333333
50	70	5.13333333333333
50	80	4.08333333333337
50	90	2.35000000000002
50	100	2.2166666666667
50	200	2.41666666666663
50	300	19.85
50	400	71.4999999999999
50	500	141.7
60	1	42.9666666666666
60	10	24.1666666666666
60	20	21.4
60	30	15.1166666666667
60	40	10.8166666666666
60	50	8.29999999999995
60	60	6.79999999999995
60	70	7.04999999999995
60	80	4.11666666666667
60	90	2.38333333333333
60	100	2.13333333333333
60	200	2.31666666666661
60	300	18.8833333333333
60	400	83.2833333333334
60	500	160.083333333333
70	1	44.3333333333334
70	10	26.7166666666666
70	20	23.9833333333332
70	30	18.0666666666667
70	40	11.6166666666667
70	50	8.81666666666661
70	60	9.23333333333335
70	70	7.83333333333337
70	80	4.61666666666667
70	90	4.56666666666672
70	100	2.56666666666672
70	200	2.7833333333333
70	300	23.1166666666667
70	400	83.6666666666666
70	500	162.3
80	1	45.5500000000001
80	10	27.5833333333334
80	20	24.4666666666666
80	30	18.3833333333333
80	40	13.6
80	50	10.6333333333333
80	60	9.01666666666665
80	70	7.68333333333339
80	80	6.31666666666672
80	90	4.39999999999998
80	100	4.08333333333337
80	200	2.66666666666663
80	300	22.8000000000001
80	400	82.3333333333334
80	500	160.166666666667
90	1	37.0166666666668
90	10	25.35
90	20	20.9499999999999
90	30	15.6999999999999
90	40	11.6166666666667
90	50	9.41666666666663
90	60	7.94999999999993
90	70	6.75
90	80	5.93333333333328
90	90	4.20000000000005
90	100	3.91666666666663
90	200	2.54999999999995
90	300	18.9833333333332
90	400	72.1333333333333
90	500	139.15
100	1	43.65
100	10	25.0166666666668
100	20	22.0500000000001
100	30	16.4166666666666
100	40	12.1
100	50	9.88333333333333
100	60	8.36666666666667
100	70	8.48333333333335
100	80	5.79999999999995
100	90	4.20000000000005
100	100	3.89999999999998
100	200	2.5
100	300	18.3833333333333
100	400	68.2666666666668
100	500	133
200	1	43.8333333333334
200	10	28.4666666666666
200	20	22.8166666666667
200	30	19.1999999999999
200	40	13.4499999999999
200	50	11.15
200	60	9.7166666666667
200	70	10.0666666666666
200	80	7.56666666666661
200	90	7.45000000000005
200	100	5.5333333333333
200	200	2.48333333333335
200	300	18.4833333333332
200	400	83.4999999999999
200	500	160.933333333333
300	1	48.2833333333334
300	10	30.6666666666666
300	20	27.5166666666668
300	30	21.4166666666666
300	40	16.8000000000001
300	50	14.1166666666667
300	60	12.7666666666667
300	70	11.3166666666667
300	80	10.4166666666666
300	90	8.26666666666665
300	100	8.45000000000005
300	200	2.83333333333337
300	300	23.1333333333333
300	400	83.9666666666666
300	500	162.516666666667
400	1	51.5500000000001
400	10	34.8666666666667
400	20	28.0166666666668
400	30	25.5500000000001
400	40	17.2833333333334
400	50	14.1
400	60	12.35
400	70	13.7500000000001
400	80	10.0666666666667
400	90	11.1666666666666
400	100	8.01666666666665
400	200	2.48333333333335
400	300	22.6999999999999
400	400	82.6833333333333
400	500	161.15
500	1	51.7833333333334
500	10	34.6166666666667
500	20	32.3166666666667
500	30	25.2666666666668
500	40	22.4499999999999
500	50	19.7166666666666
500	60	17.15
500	70	13.7833333333334
500	80	10.0833333333334
500	90	11.1833333333334
500	100	7.9666666666667
500	200	2.41666666666674
500	300	22.9499999999999
500	400	83.6666666666666
500	500	160.416666666667
600	1	51.0000000000001
600	10	34.1833333333333
600	20	31.8833333333333
600	30	24.85
600	40	22.1
600	50	19.4333333333333
600	60	16.6
600	70	13.5166666666668
600	80	15.5500000000001
600	90	10.4
600	100	12.9
600	200	7.23333333333335
600	300	18.0333333333332
600	400	74.1666666666666
600	500	145.833333333333
700	1	45.8166666666667
700	10	30.35
700	20	28.9333333333333
700	30	22.6833333333333
700	40	19.7999999999998
700	50	17.3833333333333
700	60	14.9666666666666
700	70	11.5666666666667
700	80	13.15
700	90	7.33333333333326
700	100	10.6666666666666
700	200	6.75
700	300	18.1333333333333
700	400	70.2999999999998
700	500	137.683333333333
800	1	52.65
800	10	28.8833333333333
800	20	26.7999999999998
800	30	23.9333333333333
800	40	20.8166666666667
800	50	18.0333333333332
800	60	13.6166666666667
800	70	16.7166666666666
800	80	14.9833333333332
800	90	10.2833333333332
800	100	12.7333333333332
800	200	7.94999999999993
800	300	21.8333333333334
800	400	82.6333333333333
800	500	158.8
900	1	57.6
900	10	32.5500000000001
900	20	30.2499999999999
900	30	23.4333333333333
900	40	20.3666666666667
900	50	17.9
900	60	14.6666666666666
900	70	22.1999999999999
900	80	13.9
900	90	20.8166666666667
900	100	11.8000000000001
900	200	7.19999999999993
900	300	20.7499999999999
900	400	81.0166666666665
900	500	160.733333333333
1000	1	57.7166666666666
1000	10	45.5333333333332
1000	20	29.2666666666665
1000	30	35.3666666666667
1000	40	19.2333333333332
1000	50	16.7166666666666
1000	60	28.0833333333334
1000	70	21.1166666666667
1000	80	12.85
1000	90	19.8166666666667
1000	100	10.7833333333332
1000	200	6.13333333333333
1000	300	19.7499999999999
1000	400	80.3333333333334
1000	500	157.15
