cluster	Bcell	CD14Monocytes	MacrophagesMonocyte	Tcells	CD4Tcells	CD8Tcells	Endothelialcell	Dendriticcell	RegulatoryTcells	FCGR3AMonocytes	NKCells	Megakaryocytes	ctype	ctype.f
1	8.53E-05	0.004254098	4.11E-05	0.001351969	0.003472637	0.070028045	0	0	8.85E-05	0.031464032	0.886910871	0.002303406	NKCells	NKCells
2	3.28E-05	0.002731541	0.000144036	0.00158948	0.000531139	0.102051578	0	0	0	0.0516864	0.839440779	0.001792258	NKCells	NKCells
3	1.93E-05	0.003440558	2.30E-05	0.001335441	0.000346108	0.083315252	0	0	5.21E-05	0.048867252	0.86152858	0.001072438	NKCells	NKCells
4	0.000339554	0.008819003	0.000165227	0.005094507	0.001862865	0.079168392	0	0.000963868	4.58E-05	0.036073552	0.864184453	0.003282826	NKCells	NKCells
5	0.000289115	0.002983805	0.000108682	0.000421845	0.001022806	0.094703892	0	0	0	0.048536211	0.849080615	0.002853029	NKCells	NKCells
6	0.009334502	0.031549608	0.001669981	0.618888833	0.234708311	0.046186909	0	0.000587185	0.005428873	0.005540814	0.043972332	0.00213265	Tcells	CD4Tcells
7	0.002791571	0.02833208	0.00098402	0.72739936	0.196561792	0.020883447	0	0.000341801	0.005043825	0.005146425	0.009458397	0.003057282	Tcells	CD4Tcells
8	0.005345675	0.037306678	0.001904987	0.630643059	0.272378464	0.019918853	0	0	0.009121105	0.00094526	0.018691323	0.003744597	Tcells	CD4Tcells
9	0.007809911	0.023121024	0.001339489	0.612766547	0.214557344	0.02925165	0	0	0.038497991	0.001078196	0.062732031	0.008845817	Tcells	CD4Tcells
10	0	0	0	0	0	0	0	0	0	0	0	NaN	Bcell	CD4Tcells
11	0.853339964	0.008764802	0.001331093	0.062467483	0.018085987	0.013172393	0	0.000192311	0.000551603	0.003200196	0.03459863	0.004295538	Bcell	Bcell
12	0.001573388	0.019606915	0.00065043	0.613176481	0.292211547	0.010620751	0	0.000208322	0.009141292	0.005657207	0.040256231	0.006897437	Tcells	CD4Tcells
13	0.003801031	0.023770537	0.000394761	0.62792652	0.274736702	0.024045087	0	0.000432661	0.006947037	0.004652631	0.025857866	0.007435166	Tcells	CD4Tcells
14	0.002873475	0.0201238	0.000176361	0.683189088	0.24463573	0.01403963	0	0.000218862	0.004857796	0.002835742	0.02210483	0.004944686	Tcells	CD4Tcells
15	0.003704262	0.016960468	0.000435912	0.526965789	0.156586594	0.202159592	0	0	0.002520328	0.003587786	0.082332358	0.004746912	Tcells	CD4Tcells
16	0.002783802	0.019629646	0.000397238	0.472808991	0.35220129	0.045217949	0	0	0.007200676	0.001739466	0.086583835	0.011437108	Tcells	CD4Tcells
17	0.000215469	0.002749117	0	0.268950608	0.057492907	0.155402595	0	0	0	0.01050558	0.50252934	0.002154384	NKCells	CD8Tcells
18	0.000472989	0.003681408	0	0.591501158	0.006956577	0.281249291	0	0	0.000917812	0.009133515	0.104973321	0.001113929	Tcells	CD8Tcells
19	0.003320079	0.009708321	0.000935775	0.866907891	0.052484612	0.025970061	0	1.60E-05	0.019347051	0.001823733	0.01540078	0.004085728	Tcells	CD4Tcells
20	0.113720699	0.16794708	0.064794867	0.003658533	0.153170115	0.045975156	0	0.259880665	0	0.008213545	0.18263934	0	Dendriticcell	CD4Tcells
21	0.948979672	0.016962895	0.002412756	0.00403458	0.005109978	0.005603478	0	0.002205805	0.000512213	0.007600479	0.00262665	0.003951495	Bcell	Bcell
22	0.963612672	0.010441279	0.000843672	0.002168895	0.003094476	0.004100628	0.000170667	0.000790797	0.000322821	0.005619029	0.001938089	0.006896974	Bcell	Bcell
23	0.953559425	0.013870207	0.001967523	0.010196284	0.002798989	0.004805448	0	0.00036862	0.001288149	0.006005953	0.002418318	0.002721084	Bcell	Bcell
24	0.959522425	0.017247942	0.001295893	0.003402544	0.001608056	0.00467766	0	0.000791948	0.00092395	0.004291688	0.002389961	0.003847933	Bcell	Bcell
25	0.000677855	0.931225865	0.021403639	0.001927731	0.014340783	0.002140298	0	0.000738155	0.000119375	0.019537811	0.002494686	0.005393801	CD14Monocytes	CD14Monocytes
26	0.000305308	0.889852022	0.03193304	0.001517625	0.020148106	0.003354166	0.000165916	0.000198264	0	0.03837396	0.001739202	0.012412392	CD14Monocytes	CD14Monocytes
27	0.001584044	0.912667429	0.02132102	0.003375773	0.012893376	0.003226314	0.000493399	0.000594562	0.000407375	0.028790903	0.002876067	0.011769738	CD14Monocytes	CD14Monocytes
28	0.003183398	0.021892168	0.00082205	0.65192859	0.146298735	0.16256222	0	0.000451726	0.000476036	0.003404635	0.005268318	0.003712124	Tcells	CD4Tcells
29	0.002513279	0.024089828	0.001184632	0.724720973	0.217644685	0.008470234	0	0.000341039	0.003161971	0.005986843	0.007332819	0.004553697	Tcells	CD4Tcells
30	0.002872977	0.026711413	0.001264418	0.713880223	0.213825955	0.024355711	0	0.000282394	0.003436234	0.002021125	0.007290866	0.004058684	Tcells	CD4Tcells
31	0.002467456	0.018852515	0.000546998	0.725659858	0.160095406	0.073727818	0	4.17E-05	0.001590222	0.003458068	0.00598066	0.007579326	Tcells	CD4Tcells
32	0.000758575	0.019099109	0	0.787570165	0.128158617	0.03552237	0	0	0	0.011543308	0.004666601	0.012681254	Tcells	CD4Tcells
33	0.003114097	0.014188444	0.000266981	0.694035636	0.191590949	0.073345339	0	0.00014226	0.004708872	0.001528572	0.014172729	0.002906121	Tcells	CD4Tcells
34	0.002067958	0.015993363	0.000536886	0.561149645	0.116518877	0.295755313	0	9.43E-05	0.000189953	0.002943432	0.001648111	0.00310212	Tcells	CD4Tcells
35	0.002042353	0.019961535	0.000163154	0.629862141	0.07969282	0.259655418	0	0	0.001083789	0.003213434	0.000122589	0.004202767	Tcells	CD4Tcells
36	0.004963362	0.027145702	0	0.584639479	0.08821323	0.259960776	0	0	0	0.015138696	0	0.019938755	Tcells	CD4Tcells
37	0.003570591	0.017817083	0.000587993	0.652944167	0.077875997	0.230887144	0	2.49E-05	0.000282526	0.004953056	0.002720677	0.00833586	Tcells	CD4Tcells
38	0.000204711	0.011389235	0.0002033	0.223931026	0.097186542	0.05441075	0	0	9.58E-05	0.006271187	0.601870388	0.004437062	NKCells	CD8Tcells
39	0.000212709	0.008260446	8.41E-05	0.310385244	0.173781488	0.037857101	0	0	0.000313362	0.00120568	0.464247027	0.003652814	NKCells	CD8Tcells
40	0.00013659	0.014282359	3.69E-05	0.502225211	0.106589101	0.186606534	0	0	0.000562606	0.009942929	0.178420502	0.001197296	Tcells	CD8Tcells
41	0.000780565	0.012378909	0.000132587	0.562575526	0.028483542	0.284165922	0	1.23E-06	0.002844942	0.006865332	0.095413589	0.006357851	Tcells	CD8Tcells
42	2.02E-05	0.005976633	2.31E-05	0.25527426	0.013161561	0.354560993	0	0	0	0.02881506	0.338576899	0.003591274	CD8Tcells	CD8Tcells
43	0	0.002729764	0	0.126868266	0.001038126	0.407766363	0	0	0	0.030509096	0.428338304	0.002750082	NKCells	CD8Tcells
44	6.27E-06	0.005997347	0	0.173958438	0.014793085	0.401117259	0	0	0	0.035548038	0.362737996	0.005841569	CD8Tcells	CD8Tcells
45	0	0	0	0.055153321	0.000761394	0.13207803	0	0	0	0.01507689	0.411928708	0.385001657	NKCells	CD8Tcells
46	0.015192106	0.050838497	0.104976885	0.008591989	0.090082189	0.495844707	0	0.224916877	0	0.002124923	0.001404017	0.00602781	CD8Tcells	Dendriticcell
47	0.017483792	0.807681902	0.036132065	0.012270893	0.033478248	0.008099643	0	0.033369604	0.000262128	0.02676689	0.019152832	0.005302003	CD14Monocytes	CD14Monocytes
48	0.002205541	0.39448007	0.106499269	0.000807926	0.022715083	0.002229575	0.000276086	0.000649671	0	0.454752634	0.003452934	0.011931212	FCGR3AMonocytes	FCGR3AMonocytes
49	0.000186888	0.903066581	0.036043951	0.000657718	0.019985218	0.003331954	0	0.000982305	4.58E-05	0.024715449	0.000829224	0.010154894	CD14Monocytes	CD14Monocytes
50	0.005442663	0.08020543	0.156518137	0.002962942	0.009276328	0.001526961	0	0.000588205	0.000336037	0.73500508	0.003823382	0.004314835	FCGR3AMonocytes	FCGR3AMonocytes